-1
423
776
544
693
-1
-1
592
-1
53
700
231
-1
677
778
491
686
660
-1
690
209
491
-1
204
801
101
219
-1
-1
227
224
-1
142
349
60
-1
471
781
559
-1
118
851
-1
-1
-1
568
809
30
114
467
320
649
934
303
471
370
15
-1
101
926
520
106
-1
-1
546
890
127
916
252
-1
973
842
457
892
-1
188
733
711
204
-1
531
336
407
154
439
643
190
810
855
-1
268
629
-1
401
460
673
-1
22
-1
670
-1
72
174
505
789
-1
20
354
-1
145
772
492
141
57
398
666
798
-1
257
304
963
-1
653
63
687
-1
890
9
252
100
608
794
500
721
582
856
471
447
623
-1
151
106
484
995
85
-1
658
-1
944
-1
565
990
161
-1
688
652
-1
483
-1
721
775
80
550
-1
913
403
879
-1
-1
236
177
-1
514
417
89
867
-1
-1
461
232
429
593
909
909
61
1000
140
-1
255
639
-1
740
-1
121
661
548
665
340
-1
59
-1
316
100
-1
545
-1
31
-1
261
309
-1
174
-1
512
17
-1
628
382
409
707
-1
-1
75
18
669
-1
-1
996
763
57
-1
424
-1
687
206
-1
1000
510
-1
358
893
533
97
-1
-1
353
780
963
618
439
-1
784
854
-1
732
532
659
446
407
250
-1
-1
-1
988
-1
357
543
-1
502
449
248
-1
148
279
729
538
-1
967
612
231
221
-1
159
-1
968
163
33
575
317
729
238
848
637
685
524
-1
677
-1
994
104
-1
81
253
-1
-1
-1
-1
491
831
943
-1
-1
218
857
-1
891
865
-1
967
672
746
-1
99
-1
842
552
-1
214
78
386
146
956
432
705
-1
371
319
-1
536
772
437
823
-1
-1
317
943
-1
269
-1
536
993
-1
-1
617
-1
210
722
475
509
506
187
-1
568
420
566
-1
570
442
11
923
230
270
-1
430
-1
-1
965
309
698
492
919
429
933
129
-1
-1
-1
-1
841
266
-1
671
805
-1
491
39
510
-1
75
231
201
-1
684
885
50
512
149
775
92
170
167
935
515
506
85
465
-1
916
910
59
-1
-1
840
454
605
790
17
666
205
-1
28
316
676
554
296
139
876
141
-1
905
-1
109
410
32
205
596
-1
-1
537
755
450
502
731
8
629
434
480
163
9
797
782
660
515
494
595
617
566
-1
372
167
283
49
-1
861
845
157
218
228
-1
223
543
120
363
-1
870
611
343
142
809
-1
125
781
-1
549
171
992
-1
996
780
87
-1
123
268
27
331
807
121
-1
726
497
-1
-1
402
398
48
443
637
263
-1
-1
796
289
245
154
-1
196
160
201
-1
971
327
-1
663
713
62
971
-1
259
923
482
572
-1
-1
528
126
336
656
90
545
979
620
858
-1
217
301
-1
631
824
62
2
919
20
5
668
231
-1
-1
125
-1
-1
637
320
659
396
945
-1
982
20
526
-1
204
344
865
664
544
752
732
-1
-1
542
611
245
934
-1
673
448
99
295
-1
712
680
288
-1
66
674
429
224
-1
20
-1
330
162
914
525
-1
871
-1
295
179
342
-1
484
34
579
128
590
861
633
904
241
524
107
535
-1
-1
-1
95
-1
683
969
123
548
-1
750
872
530
590
-1
-1
-1
-1
529
653
121
517
23
-1
809
612
-1
580
-1
239
86
397
-1
972
70
755
-1
-1
-1
23
527
915
558
284
571
578
501
624
441
712
593
699
-1
120
239
-1
257
-1
-1
401
85
207
727
-1
-1
978
130
-1
255
-1
744
330
135
844
250
-1
674
947
583
682
-1
194
896
947
216
-1
577
354
976
275
774
186
568
627
248
221
349
182
829
650
-1
-1
-1
569
293
293
-1
-1
927
852
288
581
448
687
68
-1
595
257
-1
829
438
616
212
911
-1
463
484
449
609
249
113
-1
768
599
-1
-1
177
394
248
-1
71
-1
29
903
193
690
806
-1
213
632
-1
260
-1
59
638
74
77
-1
346
339
611
365
230
-1
-1
163
614
121
54
779
170
939
461
512
231
74
889
630
-1
848
133
317
360
226
950
86
-1
336
-1
-1
294
27
439
327
228
223
251
704
684
463
172
-1
927
-1
477
312
115
-1
666
56
-1
715
549
651
893
762
-1
286
200
37
-1
687
-1
982
-1
-1
169
-1
191
536
831
693
548
594
-1
-1
618
389
-1
68
-1
532
343
895
373
-1
-1
517
401
381
-1
-1
883
556
682
513
-1
188
616
739
696
-1
634
908
138
568
400
-1
-1
39
833
723
190
847
-1
200
911
-1
-1
100
39
908
622
827
804
385
193
278
500
663
-1
90
752
384
712
922
-1
693
299
892
-1
617
353
-1
80
935
-1
-1
-1
789
793
993
578
431
989
-1
-1
-1
-1
-1
240
-1
903
697
164
926
688
793
418
417
85
724
684
-1
28
552
-1
-1
982
975
-1
852
315
-1
919
694
960
77
911
664
-1
744
-1
-1
-1
414
-1
-1
-1
13
887
342
-1
68
347
660
84
-1
-1
816
-1
-1
874
908
296
973
884
149
-1
30
34
38
-1
405
416
-1
446
526
184
53
23
-1
733
-1
672
980
18
-1
308
219
463
600
384
577
117
657
218
963
39
101
417
950
999
572
932
-1
821
730
698
77
544
-1
270
754
293
402
798
807
-1
-1
-1
-1
767
-1
151
-1
622
883
170
582
-1
-1
-1
-1
312
341
204
900
385
712
33
1
746
234
110
-1
685
126
800
-1
535
-1
711
-1
286
120
-1
128
398
637
856
999
423
192
354
325
201
-1
-1
563
-1
539
-1
-1
656
420
32
989
-1
926
733
510
364
361
398
156
-1
176
-1
553
877
434
911
878
839
668
527
-1
-1
42
501
84
8
240
107
881
941
-1
739
606
98
883
711
721
-1
13
-1
258
697
299
953
-1
320
636
373
553
15
-1
862
428
262
761
139
981
874
408
-1
100
484
972
-1
740
-1
561
131
311
102
173
370
260
-1
-1
808
812
507
625
416
694
-1
384
610
748
951
390
-1
65
20
-1
752
236
87
-1
102
804
104
748
313
818
47
-1
710
-1
-1
480
383
591
-1
-1
97
692
262
242
544
657
-1
623
853
310
985
185
985
410
322
782
367
-1
647
350
533
745
101
-1
841
484
14
509
930
606
833
581
-1
-1
628
-1
-1
-1
120
852
-1
572
-1
534
-1
41
542
359
376
667
944
479
185
836
944
8
412
-1
520
862
736
166
983
201
607
324
931
-1
-1
-1
450
-1
53
822
-1
-1
644
516
-1
36
-1
49
242
-1
-1
-1
50
-1
241
304
115
339
117
454
202
640
588
172
718
69
-1
149
667
-1
19
529
-1
738
-1
765
405
29
-1
-1
20
279
476
-1
777
-1
876
529
184
-1
295
-1
-1
817
621
616
587
275
174
208
935
411
212
423
251
97
207
-1
152
-1
53
-1
535
274
130
460
-1
-1
207
533
-1
450
625
470
395
571
-1
-1
-1
-1
-1
479
516
37
67
743
-1
-1
408
-1
339
-1
-1
163
-1
857
113
154
423
83
-1
585
-1
-1
-1
436
635
602
-1
440
636
12
-1
844
801
595
-1
5
893
360
346
-1
597
790
-1
545
156
-1
421
-1
607
645
744
650
186
471
877
238
600
562
808
924
-1
11
-1
844
-1
-1
103
-1
481
231
490
403
740
128
25
-1
810
192
91
237
66
-1
228
-1
944
-1
816
-1
345
814
637
-1
875
-1
616
378
542
775
236
788
281
269
280
-1
436
-1
96
399
699
-1
-1
-1
767
57
81
245
487
526
-1
-1
414
421
121
238
594
256
833
-1
432
-1
-1
-1
-1
211
-1
-1
393
628
301
682
-1
784
103
502
-1
998
-1
220
566
723
633
538
486
923
386
150
-1
-1
-1
217
668
656
973
-1
529
999
-1
525
590
791
659
709
760
-1
267
51
373
156
583
-1
741
965
-1
84
336
74
420
44
966
969
601
392
14
-1
451
-1
173
-1
289
138
261
-1
212
742
-1
571
-1
80
402
243
271
-1
-1
-1
257
212
854
757
669
35
799
792
845
-1
-1
102
-1
290
898
91
104
632
94
268
128
397
363
916
306
947
240
4
355
-1
804
-1
722
365
960
-1
-1
-1
154
766
880
440
70
360
40
750
160
277
879
458
566
780
886
662
504
519
98
-1
137
419
-1
-1
636
642
863
468
905
803
714
90
282
580
726
420
849
-1
308
259
165
-1
912
-1
496
-1
320
876
-1
974
-1
189
188
-1
832
-1
879
822
298
148
232
140
215
-1
733
65
161
-1
286
111
468
-1
948
56
712
71
843
19
-1
309
-1
-1
652
309
434
-1
733
567
-1
813
-1
233
431
36
-1
929
356
884
530
913
-1
395
759
-1
459
603
742
973
441
429
768
-1
451
938
849
70
656
805
-1
328
136
868
331
838
314
254
24
70
864
118
961
82
536
632
-1
399
33
358
776
985
-1
805
351
-1
938
211
666
95
-1
480
604
538
74
-1
-1
954
773
13
103
450
860
-1
78
-1
43
747
338
870
70
780
94
351
221
-1
-1
-1
-1
944
-1
589
810
691
572
651
388
-1
698
247
909
984
7
-1
440
616
991
761
912
495
471
711
886
-1
723
655
-1
260
154
984
542
195
57
125
781
600
-1
196
-1
-1
258
414
-1
493
268
967
318
701
934
-1
-1
261
-1
304
558
-1
-1
45
144
-1
397
-1
341
684
722
250
891
-1
-1
528
434
191
24
739
838
2
894
487
823
420
172
-1
967
579
615
164
913
176
824
605
12
935
660
335
-1
919
-1
-1
521
484
707
871
426
18
258
-1
-1
942
647
633
832
-1
-1
946
21
392
950
675
895
900
492
183
321
618
137
535
-1
-1
4
329
965
642
303
962
-1
859
700
340
513
232
581
932
-1
467
297
-1
384
499
99
923
48
-1
214
817
882
-1
-1
176
333
91
99
-1
345
781
267
897
-1
113
129
-1
765
902
452
378
45
830
570
884
448
408
631
-1
622
315
-1
456
523
925
361
-1
504
859
-1
589
665
714
888
317
347
-1
-1
152
790
630
866
726
605
-1
-1
357
13
-1
834
-1
45
82
199
246
-1
660
96
-1
834
580
660
-1
303
991
490
14
981
802
-1
539
434
-1
247
-1
-1
-1
-1
651
58
-1
-1
-1
256
354
-1
248
-1
414
220
494
763
507
890
655
390
328
663
627
891
-1
89
728
186
246
428
455
907
502
184
56
473
29
87
470
527
-1
57
229
249
185
972
538
684
138
905
560
347
898
469
-1
546
-1
892
-1
821
-1
-1
-1
610
274
733
-1
268
-1
-1
503
530
-1
185
498
614
-1
-1
510
688
-1
57
446
109
517
70
83
628
624
908
143
170
854
-1
294
-1
244
155
240
974
-1
569
-1
-1
600
914
717
-1
22
105
-1
671
483
-1
709
844
239
-1
673
-1
381
850
747
303
-1
114
513
488
782
686
-1
747
955
975
-1
-1
26
525
470
792
812
-1
886
557
98
638
-1
557
-1
-1
-1
466
977
916
119
560
177
555
347
888
740
601
991
-1
595
17
766
-1
395
-1
978
367
175
238
356
-1
679
-1
273
803
-1
532
-1
379
534
88
532
165
808
759
8
27
265
808
780
-1
275
692
212
199
252
-1
423
980
217
321
504
358
-1
-1
637
229
816
72
690
-1
696
252
810
-1
-1
-1
582
597
727
595
82
601
212
-1
-1
-1
-1
470
812
-1
3
-1
571
92
782
-1
596
-1
174
-1
810
-1
843
974
110
718
185
246
80
455
-1
388
934
202
907
372
466
-1
59
737
-1
-1
509
422
591
909
893
394
-1
692
-1
-1
-1
8
892
-1
406
-1
674
801
60
741
997
867
-1
592
-1
764
-1
926
342
-1
991
677
-1
922
-1
467
-1
163
434
106
129
459
-1
619
326
777
607
531
248
282
717
267
436
-1
122
104
438
498
-1
953
-1
-1
-1
-1
-1
55
908
415
-1
328
-1
632
792
53
310
648
614
139
291
-1
751
452
764
-1
405
607
541
-1
-1
571
-1
141
318
862
-1
379
38
545
429
254
-1
845
-1
-1
-1
404
516
114
111
409
-1
920
266
631
-1
329
638
493
973
-1
62
-1
139
-1
767
496
592
-1
827
922
-1
-1
-1
245
197
195
-1
90
933
938
93
618
804
118
-1
961
167
299
411
159
196
795
607
420
470
919
707
106
756
-1
-1
434
664
-1
-1
161
977
156
634
531
973
962
202
832
-1
56
676
978
360
711
257
852
854
597
651
940
306
55
921
742
-1
234
611
947
488
510
-1
-1
646
-1
-1
-1
-1
-1
413
-1
945
615
271
620
95
936
508
609
569
-1
68
-1
386
652
-1
69
583
256
867
518
88
875
-1
868
728
21
69
-1
348
-1
791
683
439
618
710
178
-1
715
-1
727
710
107
-1
524
852
346
726
501
-1
386
-1
399
810
288
174
476
641
689
288
318
16
918
427
307
535
82
957
402
545
365
978
874
267
371
-1
883
248
876
878
-1
82
198
-1
274
-1
909
592
302
-1
-1
-1
388
990
615
442
406
571
414
188
606
-1
-1
141
75
490
625
708
-1
815
821
109
-1
-1
390
-1
-1
433
216
825
917
674
960
-1
-1
831
736
743
719
-1
813
641
62
975
-1
789
671
594
718
916
726
666
757
135
509
-1
-1
26
97
-1
-1
928
-1
-1
-1
817
774
350
-1
634
542
245
341
-1
-1
-1
292
114
-1
515
-1
218
196
840
772
878
702
129
54
366
399
447
268
549
526
-1
932
-1
164
878
331
711
917
248
670
-1
986
-1
72
763
-1
136
365
803
516
-1
888
271
94
89
981
505
-1
-1
46
-1
804
555
589
687
-1
351
162
7
-1
-1
-1
958
449
95
260
6
381
836
-1
469
320
-1
212
280
675
-1
994
219
-1
979
432
729
-1
745
767
308
65
170
-1
419
-1
796
256
149
936
-1
300
782
425
141
256
601
241
762
-1
12
750
252
-1
-1
557
583
372
447
184
318
489
419
769
492
773
332
-1
53
-1
864
-1
38
622
867
903
-1
370
-1
-1
-1
-1
196
-1
-1
-1
-1
576
363
587
452
987
874
865
-1
772
263
616
-1
421
852
-1
-1
-1
849
-1
280
-1
838
109
353
30
58
-1
490
8
426
-1
969
852
300
548
86
-1
515
455
313
14
340
661
790
825
81
689
338
513
24
-1
14
417
-1
452
-1
385
822
1
170
480
766
224
112
172
581
733
-1
995
918
-1
677
876
-1
-1
549
754
793
-1
489
737
945
731
688
-1
351
911
-1
397
-1
258
764
56
-1
130
753
643
533
735
332
-1
299
462
437
36
823
-1
17
331
175
70
57
154
784
982
484
-1
596
44
-1
203
451
488
301
50
987
155
243
191
716
327
788
967
735
133
717
765
683
950
270
844
312
53
95
900
137
916
179
865
315
733
-1
681
311
202
-1
-1
552
-1
596
-1
830
459
766
118
150
351
903
788
73
484
902
444
82
-1
796
275
756
858
971
115
733
-1
463
716
-1
783
479
244
389
430
167
-1
258
-1
630
908
300
738
-1
548
-1
315
231
364
-1
605
-1
-1
253
994
215
165
873
897
26
50
126
509
273
-1
-1
580
-1
424
-1
995
118
993
-1
32
796
171
266
301
905
196
280
-1
-1
-1
221
51
658
497
910
786
558
-1
-1
981
4
902
700
379
121
-1
-1
-1
967
-1
799
732
970
644
193
410
905
58
-1
86
926
393
985
535
897
498
629
312
471
501
914
12
490
550
-1
255
-1
-1
978
306
601
152
55
-1
-1
679
-1
401
-1
426
194
869
817
980
822
-1
326
198
858
-1
350
341
-1
414
307
479
5
171
871
315
-1
14
819
900
128
533
993
341
616
-1
519
106
315
161
877
-1
861
529
312
767
-1
-1
828
124
517
3
855
689
648
472
512
-1
-1
484
675
346
953
600
826
800
560
574
907
553
-1
998
396
720
654
658
335
399
509
144
459
696
331
-1
280
343
840
-1
29
463
878
-1
438
-1
241
64
411
524
374
315
742
-1
751
428
-1
-1
841
184
929
-1
-1
897
8
-1
851
-1
941
575
356
144
420
-1
-1
984
260
930
215
778
12
802
438
343
317
55
-1
992
-1
984
207
547
-1
449
740
576
736
698
882
-1
-1
698
865
153
-1
715
647
-1
822
383
173
653
776
417
469
-1
363
-1
-1
-1
-1
-1
855
601
692
588
722
-1
542
-1
953
840
386
575
685
265
505
438
129
138
243
133
606
73
-1
102
845
145
203
951
665
404
363
-1
373
654
460
220
851
584
868
-1
-1
847
527
524
-1
669
-1
378
-1
462
-1
-1
210
268
-1
767
850
776
664
486
688
665
906
-1
614
994
127
998
253
869
667
169
895
242
51
763
805
460
544
252
478
455
-1
806
765
400
505
414
290
592
841
605
928
251
-1
911
14
375
-1
418
648
-1
-1
-1
523
579
351
28
619
-1
89
254
825
51
250
726
-1
415
581
597
-1
49
562
956
207
682
61
883
869
677
269
-1
158
283
803
730
616
417
510
-1
689
120
541
146
158
35
-1
888
14
157
929
324
523
418
-1
599
540
443
618
762
608
881
-1
870
842
256
751
529
301
975
844
105
277
183
197
71
774
93
618
339
887
389
917
499
266
71
776
101
107
278
372
85
659
-1
-1
42
-1
-1
978
641
809
-1
362
161
158
-1
669
921
332
911
572
467
240
83
318
-1
615
-1
-1
572
202
583
-1
-1
-1
211
84
509
969
-1
883
-1
882
-1
-1
83
-1
805
993
943
242
196
602
-1
822
567
758
539
212
993
544
682
312
775
171
-1
-1
33
-1
233
360
-1
900
510
478
-1
810
436
563
648
773
410
-1
-1
-1
984
-1
487
-1
-1
746
-1
687
-1
507
759
140
538
280
219
594
93
-1
-1
508
422
357
-1
-1
104
766
450
858
655
-1
572
419
-1
-1
75
283
-1
415
-1
709
614
343
-1
865
595
140
884
313
332
131
851
167
398
-1
668
418
579
12
478
221
831
884
155
-1
282
453
923
197
180
943
573
365
702
538
-1
-1
922
373
456
19
486
536
-1
680
-1
-1
-1
606
-1
529
709
867
738
-1
-1
462
333
293
-1
-1
842
538
948
173
540
-1
835
72
552
579
99
866
477
703
972
149
1000
57
522
413
451
-1
-1
344
560
-1
348
951
360
-1
572
716
354
-1
557
863
950
289
911
140
807
563
176
577
637
-1
772
46
-1
908
776
484
497
757
461
959
182
703
373
-1
32
-1
-1
-1
244
675
693
116
-1
48
895
576
436
-1
504
-1
754
291
43
657
-1
327
-1
588
702
662
-1
713
373
272
520
494
-1
103
296
327
526
734
-1
157
-1
914
914
372
13
920
-1
243
-1
118
-1
966
301
562
274
598
335
861
711
826
266
-1
204
-1
140
678
148
-1
-1
-1
501
62
-1
648
309
950
-1
-1
536
427
618
521
915
113
846
820
877
877
-1
-1
178
427
288
124
122
-1
831
12
-1
613
976
42
838
-1
747
428
-1
397
170
902
467
178
938
-1
-1
-1
148
242
-1
944
89
213
-1
-1
763
889
103
80
724
791
279
826
971
-1
-1
100
-1
-1
164
-1
-1
29
-1
-1
290
-1
492
322
701
-1
891
138
94
341
-1
246
-1
457
821
579
-1
317
983
300
847
72
488
906
164
969
816
-1
-1
-1
115
-1
812
167
-1
-1
638
267
350
-1
865
-1
213
599
898
567
571
506
721
-1
103
10
983
561
925
345
97
-1
235
-1
843
210
766
85
173
88
-1
88
105
105
430
755
131
42
369
369
55
-1
716
-1
-1
547
511
657
546
378
272
-1
-1
269
523
974
656
49
713
85
525
285
539
477
-1
635
591
-1
943
160
49
172
141
783
261
-1
-1
49
822
-1
496
-1
272
-1
723
971
-1
253
75
476
-1
-1
501
-1
29
586
182
690
86
-1
-1
412
500
302
503
879
308
659
794
617
854
201
718
191
738
-1
602
863
-1
763
812
-1
318
-1
-1
-1
910
-1
427
29
455
454
282
818
-1
632
477
502
299
98
335
995
254
962
-1
-1
778
358
488
-1
504
250
120
318
442
272
596
454
761
728
497
-1
586
783
331
435
362
981
-1
547
299
443
508
855
969
903
-1
150
974
806
305
426
800
-1
935
-1
266
575
758
907
282
319
837
494
900
458
171
6
598
605
69
697
141
-1
110
354
-1
40
231
993
276
58
-1
110
431
814
846
235
-1
748
-1
875
185
706
568
2
917
873
-1
394
587
913
-1
-1
-1
888
501
770
652
724
214
285
265
-1
443
217
-1
998
-1
17
147
-1
574
638
700
539
458
28
346
-1
221
-1
419
-1
418
218
369
-1
-1
-1
763
900
426
328
754
-1
292
-1
901
324
700
811
141
-1
-1
643
536
-1
-1
-1
-1
-1
594
182
512
463
692
216
-1
354
-1
201
-1
-1
482
-1
-1
607
487
-1
502
421
-1
185
764
284
746
830
-1
630
-1
887
822
736
468
834
-1
520
518
728
-1
-1
798
279
429
223
-1
-1
-1
428
558
64
93
-1
759
131
-1
292
346
-1
723
716
382
985
498
154
697
874
663
-1
-1
687
916
765
866
12
396
-1
-1
14
218
661
942
86
-1
312
403
890
-1
958
799
477
399
-1
-1
302
709
391
-1
339
552
755
298
144
-1
-1
669
606
-1
49
980
631
449
716
603
777
526
219
454
-1
785
-1
654
587
802
956
-1
-1
16
734
949
384
736
785
206
-1
125
140
525
352
-1
-1
489
388
701
342
334
293
847
-1
750
631
943
349
-1
942
-1
208
853
492
430
-1
610
886
284
-1
739
92
758
249
-1
-1
247
109
842
478
787
75
-1
-1
125
623
-1
7
-1
10
907
46
-1
-1
958
-1
62
615
53
975
634
844
284
150
534
455
484
772
-1
343
568
923
-1
223
230
52
49
479
695
631
234
679
474
428
836
242
769
136
507
489
-1
-1
33
820
-1
706
-1
132
269
308
-1
-1
883
227
162
-1
14
-1
982
-1
-1
-1
955
265
716
-1
296
948
113
317
-1
-1
110
526
375
539
655
812
657
105
158
689
-1
333
398
13
898
-1
986
524
841
786
681
820
766
637
545
110
792
-1
-1
-1
84
175
-1
837
830
341
487
736
795
-1
708
191
849
359
90
399
-1
-1
651
-1
429
578
45
74
-1
422
42
-1
912
-1
262
91
310
-1
-1
48
-1
185
508
941
-1
304
-1
769
-1
684
-1
472
195
266
921
810
148
141
219
809
5
-1
699
995
627
731
949
-1
293
-1
54
779
311
-1
199
-1
-1
653
414
551
-1
520
458
-1
204
503
-1
-1
417
-1
371
436
-1
964
-1
265
-1
972
572
696
-1
452
775
23
574
35
391
314
551
973
-1
179
-1
140
507
876
502
329
42
383
199
417
15
478
-1
70
289
380
142
835
209
726
950
-1
905
466
401
796
330
61
915
701
676
703
-1
612
-1
302
693
695
683
885
401
319
501
914
971
935
321
992
433
-1
-1
796
906
556
924
476
733
756
599
-1
471
10
-1
693
-1
344
839
269
808
459
285
-1
207
926
688
180
-1
488
-1
44
213
474
948
269
753
557
265
279
-1
92
133
398
-1
842
-1
-1
724
-1
175
451
-1
821
48
428
350
366
-1
155
-1
-1
828
734
147
-1
400
430
917
581
498
-1
886
874
479
-1
776
742
775
-1
343
197
659
524
-1
85
69
355
-1
624
-1
-1
-1
433
13
-1
893
-1
199
793
592
642
925
881
-1
40
637
79
87
754
813
663
-1
-1
936
212
384
796
381
106
666
765
-1
617
-1
-1
815
-1
862
262
-1
-1
228
917
759
-1
190
250
185
-1
445
922
735
416
-1
60
76
370
421
180
79
717
488
-1
-1
-1
-1
734
478
23
95
-1
712
753
-1
92
-1
925
522
911
18
-1
-1
-1
869
894
592
111
-1
-1
378
-1
587
885
381
-1
-1
-1
-1
532
630
820
-1
238
726
959
724
180
751
469
721
-1
432
184
805
762
710
168
367
-1
233
-1
767
-1
998
167
943
-1
621
-1
-1
103
681
845
879
285
944
753
-1
-1
119
315
66
33
-1
151
-1
341
786
-1
886
-1
718
716
618
-1
-1
584
488
-1
329
915
688
937
252
-1
988
989
201
170
854
549
486
685
848
-1
19
969
365
66
911
635
-1
620
513
-1
636
454
417
257
-1
667
379
936
251
65
-1
742
639
234
435
472
324
411
451
580
3
-1
986
661
71
924
227
768
632
51
938
326
516
41
854
410
984
702
553
148
269
721
299
107
-1
556
179
179
495
309
374
722
223
-1
672
663
980
-1
-1
166
446
460
335
-1
529
57
127
923
-1
933
-1
700
578
840
407
-1
164
440
-1
782
547
-1
773
116
895
-1
343
798
-1
476
703
271
162
-1
768
772
297
805
607
459
-1
-1
595
78
238
294
77
607
566
460
-1
191
636
287
348
602
369
-1
247
71
64
352
-1
462
674
226
311
-1
53
347
623
660
778
963
208
-1
878
586
-1
835
-1
169
568
544
496
-1
-1
-1
111
-1
362
-1
-1
681
819
645
149
-1
783
-1
719
280
177
626
942
694
215
564
-1
-1
357
92
-1
488
-1
425
96
-1
370
-1
755
170
670
-1
659
149
991
941
83
118
-1
267
937
53
477
780
751
379
-1
363
924
161
78
11
350
-1
18
249
918
665
-1
904
460
-1
822
662
268
140
928
134
118
43
697
-1
-1
405
621
509
-1
-1
575
52
-1
346
863
-1
345
594
943
180
990
290
623
240
417
994
-1
195
874
195
49
474
768
472
-1
537
-1
131
-1
198
600
737
397
-1
639
288
578
508
624
75
880
-1
47
990
973
404
147
548
106
387
129
436
19
496
541
689
759
-1
117
-1
120
523
586
134
-1
94
314
-1
35
369
255
822
792
698
799
131
633
-1
782
335
240
711
929
308
84
806
525
600
505
493
150
916
90
353
906
192
-1
845
818
-1
194
909
-1
-1
731
-1
942
-1
246
830
-1
268
604
968
245
-1
-1
275
186
725
926
933
519
379
603
-1
988
842
357
-1
999
-1
795
116
175
942
442
918
188
-1
182
587
-1
792
911
202
207
930
667
-1
739
844
838
382
686
703
-1
313
625
-1
-1
804
95
832
383
-1
213
130
134
931
76
165
-1
856
982
370
-1
947
-1
387
189
44
271
895
-1
809
552
463
912
-1
804
-1
436
381
-1
-1
336
804
507
515
835
327
221
333
517
-1
-1
934
672
-1
48
229
-1
-1
329
435
198
395
556
886
-1
807
3
129
122
-1
608
-1
-1
831
-1
395
-1
780
935
56
840
-1
602
654
691
645
753
588
779
187
993
154
523
545
178
486
236
-1
556
124
183
480
866
269
-1
338
874
326
-1
-1
-1
974
673
254
-1
691
56
981
987
397
31
-1
214
-1
232
-1
768
-1
314
305
-1
792
671
-1
239
-1
617
-1
402
107
390
728
313
-1
-1
-1
22
10
839
479
601
902
971
360
121
33
876
615
-1
-1
694
659
419
503
554
788
266
65
50
619
897
431
-1
423
916
217
317
792
-1
478
-1
100
-1
-1
-1
614
127
320
942
919
674
38
247
-1
707
228
922
590
-1
568
440
749
288
214
72
19
982
622
-1
460
259
-1
20
433
-1
990
445
822
-1
-1
-1
341
-1
-1
920
641
359
718
-1
-1
326
292
701
773
-1
10
50
732
430
11
-1
413
734
98
999
227
26
714
730
408
292
370
-1
687
-1
340
496
-1
45
370
577
-1
664
-1
-1
218
199
658
818
273
-1
850
113
377
642
958
555
-1
249
91
-1
963
957
-1
425
-1
821
-1
927
67
307
475
-1
719
719
-1
545
-1
-1
-1
329
-1
670
575
-1
-1
-1
-1
841
-1
960
-1
901
22
860
-1
671
759
898
319
472
725
48
-1
368
998
527
-1
195
934
553
460
466
-1
371
325
873
75
-1
-1
70
27
521
226
749
669
954
176
667
-1
448
856
849
-1
816
856
291
540
386
463
-1
-1
675
673
500
-1
336
-1
357
364
151
908
666
537
296
-1
964
844
223
224
212
670
-1
-1
-1
-1
-1
-1
323
420
901
413
-1
199
884
-1
508
-1
-1
836
772
246
234
496
930
-1
-1
43
-1
306
413
8
815
902
-1
724
243
33
695
-1
486
-1
604
806
-1
161
-1
615
897
878
-1
395
478
-1
802
137
915
-1
763
274
982
454
-1
439
-1
763
-1
681
-1
507
532
510
838
-1
881
623
703
880
51
434
842
-1
683
91
905
618
857
254
480
367
847
533
313
708
725
752
217
-1
989
138
278
276
143
50
335
265
726
134
170
-1
209
622
-1
-1
112
512
862
-1
394
734
-1
586
708
-1
-1
-1
-1
-1
-1
441
-1
509
774
-1
249
718
670
395
796
193
-1
-1
636
-1
623
746
459
59
422
-1
586
602
-1
407
611
-1
956
959
118
939
-1
269
356
-1
656
310
404
481
876
720
507
107
216
975
433
130
423
241
-1
967
757
910
585
9
-1
784
691
334
184
-1
30
-1
-1
575
49
829
571
-1
848
921
-1
348
756
-1
348
641
947
166
292
357
-1
395
-1
749
-1
408
491
421
864
765
-1
760
357
-1
-1
683
779
-1
-1
887
911
285
746
398
443
61
73
425
93
-1
31
963
790
200
819
25
842
738
-1
-1
71
802
832
-1
858
161
-1
341
548
97
699
-1
924
274
627
8
493
766
441
-1
661
451
790
219
-1
416
679
264
655
954
90
956
698
468
-1
811
994
506
451
175
437
454
143
429
443
999
261
648
-1
835
138
754
300
534
52
628
473
493
-1
19
858
629
-1
27
600
929
-1
736
-1
701
810
661
920
110
-1
67
94
363
605
772
-1
708
507
987
922
-1
613
202
40
158
701
-1
-1
409
238
195
789
511
908
175
-1
237
178
480
397
301
365
127
-1
-1
514
536
358
-1
-1
965
450
-1
-1
367
724
610
791
-1
238
424
537
629
83
539
187
600
209
142
16
995
-1
-1
442
-1
789
833
563
698
938
574
-1
-1
428
652
105
-1
370
-1
475
609
-1
157
617
-1
-1
906
424
246
751
772
764
587
11
555
72
470
232
842
72
-1
347
-1
679
952
656
432
900
813
-1
-1
493
-1
905
7
-1
616
432
310
529
-1
99
488
731
453
541
149
389
59
-1
-1
211
-1
400
111
555
244
-1
412
466
27
767
912
556
-1
737
836
533
-1
336
737
93
750
472
225
-1
396
648
234
116
-1
190
419
866
-1
136
731
271
-1
664
27
829
294
650
247
601
-1
629
690
835
-1
644
552
731
-1
494
291
314
-1
-1
533
-1
461
585
368
-1
-1
503
-1
-1
-1
99
929
18
85
393
501
-1
208
289
-1
791
463
256
327
177
233
-1
798
368
-1
186
160
456
570
316
506
543
717
-1
394
-1
-1
489
458
845
264
98
-1
343
633
673
516
-1
371
141
514
498
462
-1
449
-1
900
868
-1
292
108
753
376
817
201
383
842
86
435
165
104
195
489
-1
448
858
734
19
276
936
638
285
1000
280
70
704
-1
838
400
789
196
113
-1
470
485
-1
565
326
47
856
544
673
23
188
781
-1
-1
47
891
683
182
650
645
139
852
726
-1
-1
582
-1
9
496
872
309
448
592
505
-1
863
79
-1
981
2
693
583
757
875
337
-1
889
-1
839
222
-1
929
884
345
519
734
-1
838
754
638
849
420
190
-1
5
682
560
37
-1
110
353
111
-1
44
311
-1
570
-1
94
-1
-1
586
12
-1
294
770
404
737
-1
202
9
516
878
801
421
-1
461
601
331
167
952
978
698
706
-1
-1
-1
475
808
892
535
255
493
-1
715
316
438
117
13
144
93
918
-1
581
923
79
920
726
867
-1
198
-1
-1
374
957
530
71
462
764
337
-1
-1
210
822
836
132
-1
-1
400
554
68
-1
616
53
845
130
148
-1
684
523
670
-1
176
-1
600
335
-1
155
857
493
359
211
658
859
-1
399
-1
188
-1
144
-1
103
844
695
625
287
667
-1
716
935
879
558
914
196
396
477
647
-1
987
961
60
-1
-1
956
234
585
749
458
840
176
604
114
25
155
250
157
476
-1
710
237
83
486
733
12
55
319
403
221
15
802
34
-1
-1
700
969
890
98
694
825
549
630
859
458
-1
721
253
467
776
244
-1
330
-1
952
135
89
634
-1
507
273
-1
209
-1
298
874
-1
-1
121
995
-1
-1
698
858
913
-1
901
418
709
-1
-1
-1
222
185
554
388
362
535
-1
981
778
153
51
414
207
51
760
834
503
708
-1
-1
237
-1
-1
806
392
-1
652
-1
-1
434
527
376
876
645
29
171
674
-1
-1
-1
805
-1
452
99
630
342
-1
918
-1
639
-1
630
-1
-1
991
735
89
252
1000
32
53
600
476
-1
-1
722
520
484
-1
508
629
723
-1
545
-1
467
309
613
546
-1
-1
288
797
37
213
429
585
706
357
-1
331
795
-1
312
361
464
-1
-1
-1
-1
667
-1
14
341
37
158
-1
-1
480
345
752
-1
807
925
-1
410
161
-1
123
191
116
-1
399
799
264
468
275
684
178
975
680
38
-1
324
501
882
976
-1
-1
578
979
54
-1
625
-1
-1
197
330
126
512
824
659
-1
-1
22
31
283
295
409
354
-1
862
207
976
876
982
960
355
533
923
560
639
859
150
726
-1
774
142
433
-1
-1
454
-1
129
928
541
36
508
-1
909
602
959
-1
181
139
645
-1
70
344
-1
835
930
-1
150
271
56
778
8
597
519
-1
465
47
-1
530
922
523
264
848
875
17
122
952
803
630
-1
627
-1
562
382
-1
363
-1
-1
337
-1
541
382
-1
431
-1
35
558
993
-1
563
-1
943
971
-1
-1
639
75
-1
469
-1
-1
65
-1
-1
294
-1
88
-1
-1
-1
433
-1
946
895
731
-1
-1
553
220
-1
854
83
-1
111
557
-1
-1
607
-1
449
282
28
520
96
156
961
927
846
172
606
435
331
226
-1
117
-1
35
868
229
483
-1
967
-1
724
657
673
-1
427
774
546
234
965
991
965
47
226
660
882
240
834
320
866
13
187
-1
386
-1
914
747
50
588
76
519
-1
58
314
27
-1
794
729
984
257
78
890
682
489
359
-1
435
-1
-1
358
-1
36
650
-1
-1
710
813
155
77
-1
94
530
592
-1
-1
499
412
422
-1
-1
448
-1
99
446
774
-1
66
856
397
435
-1
484
270
379
-1
274
411
291
-1
253
-1
187
548
513
14
743
-1
485
594
551
-1
871
332
852
390
-1
458
-1
160
975
302
372
970
59
488
-1
-1
924
995
-1
846
643
302
719
220
244
671
788
425
385
520
-1
41
806
155
-1
825
-1
510
25
934
56
-1
-1
400
248
593
45
320
-1
841
734
815
-1
143
613
757
737
409
449
492
358
92
-1
544
-1
126
-1
63
74
113
22
351
867
992
704
50
695
-1
811
148
418
216
642
629
313
589
537
957
270
938
993
854
952
-1
522
835
614
-1
641
381
726
-1
-1
-1
-1
604
264
167
902
581
-1
829
393
492
764
7
465
-1
19
984
791
519
832
-1
341
-1
-1
249
347
-1
362
726
-1
190
652
504
250
231
734
671
-1
324
922
-1
640
-1
-1
392
627
207
73
699
608
862
210
41
852
-1
758
877
218
496
978
-1
894
871
282
661
755
289
708
418
270
80
-1
-1
450
203
895
794
-1
137
491
868
-1
500
28
-1
-1
335
324
329
-1
652
151
897
499
476
472
-1
877
632
76
-1
356
199
157
904
139
232
665
759
819
753
965
705
582
-1
961
343
602
945
192
-1
298
93
501
685
-1
54
453
257
405
1000
47
-1
679
263
158
-1
-1
-1
-1
800
24
912
-1
91
571
937
-1
524
-1
839
2
632
931
-1
819
656
288
948
733
512
-1
428
-1
772
461
142
-1
617
770
473
149
-1
676
-1
464
-1
-1
58
913
117
523
254
-1
482
780
611
746
834
397
825
204
948
-1
530
51
-1
808
830
827
-1
-1
22
359
-1
593
750
736
857
6
-1
-1
588
-1
306
6
-1
544
-1
-1
976
622
613
686
-1
189
919
907
-1
23
466
667
378
640
714
457
-1
754
154
553
59
137
288
841
989
496
548
119
954
512
303
378
316
-1
-1
630
-1
-1
-1
881
325
633
38
796
90
-1
477
160
825
735
168
-1
472
592
57
-1
859
371
109
797
-1
21
534
279
-1
208
657
-1
-1
461
-1
-1
256
5
41
293
628
805
733
840
294
621
793
227
217
879
324
589
207
506
407
440
-1
646
-1
417
543
-1
1
-1
82
664
610
967
497
298
97
197
503
-1
298
553
-1
643
738
967
-1
736
886
143
510
-1
663
127
301
709
-1
307
989
139
505
-1
926
-1
-1
443
536
77
306
-1
-1
380
789
121
153
454
324
39
749
440
473
-1
830
359
-1
166
940
496
897
916
569
27
85
457
-1
857
462
308
844
2
2
484
859
174
-1
555
526
126
847
380
139
100
7
318
851
243
-1
586
-1
476
839
149
89
-1
-1
34
-1
836
-1
933
117
400
-1
57
423
494
387
850
943
251
773
712
-1
883
218
-1
-1
770
577
681
704
413
-1
278
277
443
-1
-1
520
442
910
717
927
242
976
304
990
778
402
947
-1
21
446
-1
961
-1
-1
280
512
565
757
115
-1
459
135
364
-1
733
369
561
-1
30
-1
186
-1
399
557
722
711
-1
650
-1
-1
248
692
593
251
776
876
728
-1
953
-1
-1
649
336
845
-1
145
883
-1
715
528
-1
521
-1
648
415
175
-1
499
21
902
354
711
361
-1
-1
13
-1
832
546
709
283
-1
6
688
467
-1
-1
558
680
-1
288
-1
607
-1
585
930
696
616
801
914
-1
921
-1
-1
108
589
29
215
-1
52
572
-1
858
962
50
340
-1
690
609
-1
843
-1
273
500
611
448
935
75
702
185
893
-1
987
704
293
680
362
50
568
567
196
101
803
-1
601
873
62
144
84
228
-1
940
175
974
317
956
872
945
256
165
996
-1
842
592
-1
621
91
136
27
-1
763
783
861
-1
-1
960
370
231
392
886
364
89
913
536
803
977
667
613
193
549
623
-1
479
-1
649
775
153
635
-1
-1
-1
540
-1
406
962
172
613
491
199
281
-1
456
343
811
-1
-1
956
-1
-1
-1
-1
103
541
474
-1
623
810
684
366
666
204
14
763
-1
-1
288
692
563
242
401
296
324
841
537
-1
893
658
196
316
181
-1
598
318
216
300
175
704
-1
858
375
110
299
554
277
350
741
-1
-1
83
29
-1
322
379
519
237
251
571
-1
-1
494
178
750
95
856
1000
668
500
-1
-1
-1
-1
947
442
432
986
494
125
-1
-1
100
37
-1
673
283
-1
349
844
339
802
-1
248
88
221
838
199
-1
405
30
-1
217
-1
550
625
88
50
430
679
-1
-1
754
677
-1
538
607
-1
589
53
596
-1
961
644
-1
-1
-1
450
768
-1
193
-1
452
911
488
-1
881
189
302
-1
792
482
342
57
-1
-1
-1
405
-1
-1
154
344
861
634
-1
429
312
-1
622
799
187
-1
-1
918
922
-1
-1
-1
375
206
930
-1
731
999
205
-1
-1
159
912
106
623
954
-1
104
953
217
315
311
932
366
498
873
-1
-1
-1
870
483
789
972
978
-1
348
77
174
725
-1
408
-1
844
392
143
7
-1
577
355
720
704
-1
352
-1
934
521
402
-1
176
395
384
549
718
455
833
127
-1
612
102
209
674
953
658
-1
17
999
983
-1
436
373
568
371
169
748
68
303
344
-1
118
100
136
384
-1
741
668
410
-1
456
-1
4
-1
-1
-1
265
446
-1
-1
-1
930
214
400
802
544
20
395
534
147
821
541
322
685
737
-1
250
52
494
890
736
722
309
11
986
30
144
42
273
457
820
714
703
426
846
183
798
-1
25
-1
458
930
176
-1
980
853
853
-1
-1
799
919
-1
952
234
975
174
754
109
514
703
248
-1
-1
243
779
868
778
-1
401
291
814
288
792
-1
358
251
477
61
879
111
962
494
175
144
709
-1
926
-1
62
765
20
-1
136
155
285
144
-1
-1
96
718
848
506
414
707
-1
839
-1
-1
789
-1
-1
976
702
-1
920
380
558
326
87
678
-1
13
-1
-1
719
-1
877
503
-1
191
-1
-1
962
627
234
477
116
586
882
-1
114
877
812
372
716
-1
440
439
-1
-1
-1
875
447
96
-1
-1
-1
790
404
-1
214
112
224
-1
183
348
23
511
-1
266
778
621
-1
221
-1
264
-1
907
386
660
477
-1
993
41
106
723
592
-1
-1
-1
968
953
868
929
88
-1
244
955
615
-1
-1
-1
-1
102
823
826
26
957
311
645
-1
259
-1
973
-1
176
98
-1
494
-1
-1
624
732
-1
877
-1
412
572
92
-1
682
678
719
816
-1
-1
878
304
761
513
882
716
916
672
422
767
321
608
915
-1
611
526
-1
370
153
965
451
-1
-1
757
740
69
833
608
-1
250
839
232
-1
830
-1
109
358
928
899
926
654
401
972
-1
737
66
-1
524
780
178
980
595
916
-1
-1
-1
715
421
762
353
409
-1
264
746
345
-1
352
992
442
406
101
472
120
672
-1
-1
254
-1
-1
592
-1
680
730
-1
393
850
420
526
907
687
-1
73
653
442
299
44
201
562
201
766
68
211
-1
646
128
181
472
175
263
342
299
112
791
421
768
969
914
76
146
-1
69
125
946
997
369
-1
-1
584
347
57
831
883
241
289
157
-1
165
-1
170
-1
-1
37
464
197
370
-1
973
-1
987
844
51
652
568
469
241
-1
13
502
-1
715
-1
947
-1
445
115
740
-1
672
-1
461
-1
-1
229
584
478
763
859
639
-1
430
746
846
856
-1
532
361
218
-1
380
416
405
763
766
640
543
-1
450
169
-1
-1
58
128
492
49
-1
72
-1
302
-1
743
-1
988
478
194
-1
-1
816
618
240
657
765
140
580
-1
225
-1
536
424
888
509
738
-1
-1
-1
849
859
736
-1
289
-1
739
414
20
-1
610
-1
-1
-1
-1
-1
929
569
-1
645
59
993
-1
-1
220
-1
-1
736
247
83
309
-1
544
-1
570
-1
815
369
746
63
-1
-1
-1
934
-1
455
113
522
138
870
880
599
661
565
114
-1
-1
217
257
909
372
411
921
446
50
511
96
641
153
335
658
686
117
-1
979
96
-1
7
592
366
48
374
444
490
621
-1
755
994
314
287
224
646
328
509
930
-1
888
813
807
363
758
903
-1
336
229
-1
-1
332
-1
947
954
539
827
-1
-1
615
103
975
-1
62
-1
323
263
79
544
831
500
-1
541
58
955
771
550
314
454
578
40
-1
507
100
-1
-1
475
762
613
405
-1
659
920
-1
-1
821
257
709
340
788
390
791
-1
849
36
234
829
578
89
831
-1
849
700
-1
991
817
-1
823
324
148
453
400
865
-1
188
862
908
-1
396
-1
198
561
615
606
449
208
624
-1
124
-1
315
-1
340
900
115
150
223
735
-1
633
634
55
-1
747
-1
-1
855
352
675
106
230
908
367
709
230
853
698
255
992
-1
27
-1
845
243
683
580
766
314
470
565
802
341
344
714
-1
-1
350
423
722
736
393
-1
41
913
116
917
387
185
166
-1
229
177
67
768
-1
291
514
44
-1
797
756
-1
369
935
-1
606
526
115
657
354
-1
-1
244
355
90
982
-1
988
-1
146
854
374
412
729
384
491
885
-1
909
-1
550
790
850
242
-1
644
-1
-1
-1
-1
675
108
435
24
780
640
369
-1
99
290
302
309
31
379
-1
295
-1
-1
417
193
830
840
913
-1
9
815
865
234
-1
862
457
268
462
106
389
618
992
124
147
528
452
-1
878
-1
463
235
-1
-1
-1
135
345
533
347
520
300
-1
962
-1
990
566
766
793
143
239
336
-1
842
854
357
113
528
469
708
80
-1
558
417
335
357
-1
604
269
-1
130
-1
550
724
138
154
505
676
368
401
-1
702
980
239
290
643
550
892
917
534
225
926
457
929
214
723
-1
649
628
829
871
-1
542
762
847
215
331
-1
437
600
225
574
352
986
736
720
726
379
74
557
662
-1
226
670
74
729
769
596
-1
486
900
80
-1
-1
332
691
259
389
-1
601
813
-1
599
271
-1
396
983
305
93
318
-1
-1
550
-1
-1
-1
505
716
58
-1
668
530
699
-1
-1
-1
-1
343
-1
-1
674
-1
-1
-1
340
-1
432
966
-1
39
-1
-1
432
889
160
727
-1
646
-1
758
432
359
-1
399
768
482
90
-1
407
291
-1
-1
876
816
272
354
556
-1
613
721
-1
771
-1
540
923
318
56
292
-1
497
-1
171
-1
425
227
167
125
863
754
-1
351
746
362
791
-1
870
839
142
-1
627
386
-1
578
-1
920
479
247
679
804
748
35
22
818
820
183
1
-1
175
208
691
633
157
787
461
331
-1
-1
-1
792
514
176
361
588
569
771
228
306
984
632
-1
629
648
272
582
612
-1
625
342
925
13
66
619
343
-1
750
241
148
59
95
528
551
856
911
501
84
553
71
83
951
220
-1
747
212
896
654
9
473
214
-1
368
386
768
819
563
263
-1
266
913
-1
562
-1
-1
-1
-1
350
-1
338
368
120
121
217
134
-1
994
651
-1
557
-1
137
846
987
673
-1
890
-1
-1
211
110
-1
-1
547
408
63
-1
-1
-1
-1
516
686
600
-1
125
782
60
154
-1
902
949
166
770
543
886
852
833
675
-1
693
251
93
694
226
483
-1
525
768
-1
75
687
448
-1
945
-1
64
389
961
303
406
53
-1
282
-1
849
249
418
579
-1
595
756
-1
-1
138
-1
412
-1
-1
530
639
954
953
-1
-1
621
765
762
-1
93
641
164
775
-1
-1
421
980
-1
931
852
674
434
74
430
739
25
321
731
157
948
-1
-1
437
616
-1
446
658
881
940
819
688
-1
833
419
959
878
778
153
677
-1
713
265
562
216
525
-1
-1
-1
141
94
877
-1
-1
714
427
-1
221
137
-1
908
-1
866
446
629
-1
385
292
997
709
335
340
363
-1
404
-1
-1
938
100
-1
984
408
878
543
914
589
-1
-1
540
659
861
203
55
638
629
157
931
-1
125
189
760
-1
765
758
480
873
921
201
624
41
576
315
-1
776
-1
617
262
416
50
352
376
911
987
680
349
247
858
-1
108
130
645
678
331
160
216
-1
905
462
634
820
476
50
68
757
-1
559
138
855
451
-1
-1
254
281
656
892
70
491
131
643
955
218
-1
55
550
564
-1
-1
116
723
863
-1
743
221
-1
109
441
-1
568
-1
400
669
587
681
58
538
975
393
389
673
325
574
825
-1
419
-1
742
754
-1
179
41
351
79
784
457
-1
-1
-1
667
638
683
275
597
122
862
-1
916
605
356
799
405
-1
50
300
514
-1
765
236
195
-1
408
554
960
-1
901
82
234
518
729
380
211
766
-1
-1
-1
553
152
663
683
145
419
166
350
515
-1
816
399
-1
461
158
133
576
574
-1
36
825
424
694
592
-1
525
8
-1
134
298
-1
306
353
9
55
735
601
841
929
738
466
910
202
648
774
358
246
506
-1
-1
99
340
581
749
868
801
788
844
-1
785
14
574
215
495
-1
-1
-1
702
957
631
366
515
-1
335
36
93
673
-1
675
917
876
289
230
743
376
-1
654
341
441
927
117
-1
279
-1
679
-1
950
424
846
238
-1
597
647
-1
384
-1
-1
858
462
951
232
733
58
84
-1
806
977
855
352
216
293
972
457
-1
-1
392
317
44
-1
893
81
-1
998
-1
-1
133
612
99
-1
-1
418
906
-1
889
-1
696
559
445
355
483
-1
673
737
401
-1
-1
319
510
-1
323
647
899
-1
589
-1
225
933
349
13
847
668
842
547
29
-1
-1
10
822
40
218
302
126
-1
-1
203
724
-1
-1
838
523
984
403
-1
-1
996
531
65
-1
497
949
95
502
6
129
340
263
-1
454
425
817
369
654
680
211
-1
10
-1
-1
386
274
115
467
-1
753
-1
714
-1
-1
340
205
-1
413
956
-1
-1
929
-1
-1
891
480
388
332
728
515
771
-1
844
862
723
493
-1
-1
168
-1
819
-1
-1
319
-1
417
536
851
619
833
665
244
-1
133
-1
997
214
777
811
-1
455
258
579
279
139
-1
170
937
-1
761
16
560
-1
447
956
594
563
494
918
891
-1
653
546
-1
316
-1
812
775
673
-1
571
537
568
940
713
505
220
550
-1
408
599
-1
-1
633
616
851
239
473
203
-1
54
166
941
-1
21
409
994
533
555
394
945
270
601
602
660
35
489
204
226
64
-1
458
179
703
-1
92
158
-1
697
792
212
-1
-1
397
319
377
629
520
-1
-1
945
515
160
263
-1
-1
816
-1
-1
88
431
775
-1
-1
25
991
886
-1
620
-1
973
-1
400
207
-1
616
16
-1
463
754
333
922
362
628
468
113
700
228
925
686
-1
930
766
944
-1
186
-1
258
-1
920
108
-1
820
776
-1
-1
-1
-1
341
-1
478
706
-1
622
512
-1
548
-1
544
-1
642
272
-1
892
200
268
304
464
-1
-1
477
494
42
87
821
-1
-1
267
759
320
133
209
604
89
-1
918
750
-1
140
265
310
484
81
685
-1
-1
876
82
922
-1
-1
873
804
350
569
-1
483
567
-1
-1
394
224
919
228
40
580
997
613
973
275
614
264
811
988
-1
-1
367
805
913
378
44
319
-1
614
340
-1
763
901
-1
605
-1
328
209
321
-1
719
235
948
-1
-1
478
584
78
304
363
621
221
946
520
857
260
460
12
-1
984
979
528
797
470
-1
-1
-1
335
679
507
-1
269
296
292
-1
832
950
-1
-1
230
760
278
799
-1
992
101
463
-1
604
947
-1
566
329
-1
246
649
909
841
354
634
350
7
516
55
214
-1
817
-1
515
409
796
325
657
995
771
-1
-1
471
229
-1
993
140
722
998
388
100
918
-1
852
-1
874
764
498
985
137
992
534
622
640
24
869
571
-1
762
-1
465
-1
574
-1
490
693
-1
125
386
-1
-1
374
493
679
613
-1
-1
290
6
836
581
-1
226
54
425
539
565
471
768
231
957
160
738
594
864
-1
921
320
389
-1
225
788
677
-1
430
873
968
-1
898
39
976
760
-1
952
3
673
364
-1
-1
621
876
-1
905
390
585
118
769
663
-1
-1
57
-1
450
232
475
418
957
34
928
311
-1
183
668
-1
164
480
855
687
-1
89
60
731
306
-1
495
492
479
-1
-1
201
30
584
125
935
866
718
-1
453
289
837
239
814
522
339
-1
-1
891
865
845
-1
25
428
970
-1
688
864
98
516
-1
157
419
291
887
685
-1
-1
-1
674
-1
-1
951
-1
-1
69
-1
368
973
120
167
170
-1
717
651
670
141
336
680
634
669
130
648
-1
794
154
475
63
531
113
551
312
633
-1
965
43
-1
280
785
880
203
-1
-1
199
-1
365
709
174
870
133
742
569
307
-1
520
950
759
-1
186
709
135
-1
204
933
600
-1
926
973
42
202
65
468
441
911
809
-1
-1
45
702
156
-1
917
236
77
-1
777
-1
665
-1
-1
-1
-1
-1
831
47
724
-1
969
574
589
214
11
427
172
710
85
-1
-1
-1
640
209
-1
471
941
821
-1
-1
598
178
-1
-1
-1
916
196
550
584
353
197
733
538
184
495
690
-1
-1
999
5
310
94
769
180
239
67
-1
-1
16
-1
667
986
-1
755
157
364
470
-1
-1
359
344
427
72
614
-1
175
-1
-1
634
-1
-1
830
-1
74
906
790
813
630
250
511
216
76
276
-1
88
237
129
474
382
879
451
799
140
-1
471
123
-1
-1
64
474
317
-1
332
639
370
352
-1
830
95
754
141
921
709
775
-1
545
667
-1
501
465
646
367
317
93
786
76
-1
509
-1
699
-1
870
555
463
212
404
140
840
537
682
-1
-1
-1
162
911
-1
435
597
6
-1
-1
-1
316
-1
422
447
573
779
568
95
-1
195
311
264
429
-1
303
17
79
890
-1
784
954
206
271
371
395
153
94
795
9
494
-1
979
54
344
560
189
903
533
693
901
68
487
180
716
-1
879
108
635
751
999
491
-1
-1
61
-1
912
810
-1
199
-1
-1
-1
-1
-1
653
173
73
48
819
9
599
20
794
342
463
-1
103
595
291
995
735
486
-1
555
-1
271
674
225
992
-1
110
652
-1
189
-1
818
912
-1
309
5
310
978
241
34
873
777
-1
399
-1
653
-1
649
575
15
69
559
619
181
206
605
248
197
497
264
993
138
390
347
-1
-1
217
-1
-1
887
-1
464
899
756
763
-1
478
889
605
-1
320
-1
298
994
-1
-1
-1
915
-1
320
388
832
109
478
443
587
700
-1
-1
605
86
161
-1
989
602
626
-1
15
948
119
-1
240
832
-1
896
879
994
640
485
172
632
415
680
443
92
408
801
436
908
346
791
-1
421
345
-1
705
291
896
971
854
-1
-1
678
930
867
441
540
902
-1
253
132
90
899
-1
864
667
773
858
170
834
889
942
762
-1
427
660
-1
814
787
-1
325
512
389
-1
495
-1
157
-1
-1
-1
-1
473
373
131
366
753
-1
-1
592
998
889
845
25
906
36
113
658
883
-1
671
137
-1
982
911
-1
141
352
64
943
30
678
-1
-1
289
471
150
584
-1
192
484
659
569
844
376
-1
4
-1
-1
-1
832
790
317
754
-1
102
14
335
-1
194
770
604
850
333
604
-1
299
-1
856
965
626
442
691
530
588
407
-1
730
169
461
-1
338
-1
901
489
700
575
691
575
358
731
-1
890
377
678
-1
122
622
306
-1
762
270
799
-1
-1
987
787
-1
406
278
-1
730
977
-1
200
-1
4
-1
-1
-1
421
-1
640
13
11
629
280
511
173
400
-1
-1
902
822
705
-1
582
456
522
604
24
-1
549
191
77
775
766
719
461
-1
-1
468
932
149
656
-1
-1
344
512
-1
-1
460
124
143
817
163
355
-1
-1
875
329
491
-1
193
904
842
-1
732
879
575
935
682
157
176
849
217
873
-1
324
-1
113
829
329
460
-1
49
-1
311
466
-1
412
-1
517
965
607
723
553
307
926
-1
841
-1
727
548
586
672
-1
570
-1
113
314
116
416
463
823
294
980
906
349
532
662
784
208
6
17
-1
-1
735
837
529
395
228
110
-1
957
50
-1
-1
722
-1
-1
368
795
996
97
491
778
692
579
881
495
-1
461
328
568
494
429
-1
567
906
-1
-1
173
474
-1
-1
666
162
-1
305
31
78
623
516
-1
694
896
347
944
459
467
-1
473
582
84
569
341
-1
848
-1
860
660
125
-1
775
703
117
-1
-1
314
129
774
-1
379
-1
-1
48
689
582
-1
-1
389
799
-1
990
620
756
614
84
192
416
50
427
317
449
717
28
299
284
505
919
354
560
177
175
-1
227
-1
-1
224
685
-1
864
576
3
478
65
822
-1
210
133
362
181
918
871
498
851
583
912
715
53
134
-1
-1
855
441
420
637
980
7
890
-1
-1
651
905
-1
-1
392
-1
-1
589
73
-1
-1
32
-1
413
203
-1
695
-1
-1
-1
1
955
-1
329
-1
170
520
858
-1
-1
410
646
689
-1
201
516
-1
-1
130
921
137
517
664
660
-1
190
-1
615
-1
702
764
230
606
-1
-1
215
355
439
487
-1
483
-1
991
794
-1
50
167
637
494
-1
825
-1
916
617
25
94
623
2
618
-1
153
19
-1
213
-1
199
-1
348
-1
159
-1
-1
226
-1
616
799
927
293
422
290
-1
-1
541
883
387
975
-1
453
313
835
-1
-1
174
-1
594
621
-1
881
3
639
514
335
826
941
481
194
-1
586
58
449
138
521
-1
960
805
842
128
308
332
960
450
586
-1
-1
985
65
994
-1
452
366
-1
387
877
-1
-1
-1
739
819
755
698
403
-1
766
-1
966
506
436
288
305
191
673
192
-1
940
-1
-1
-1
-1
39
-1
536
239
-1
577
617
-1
-1
16
104
496
-1
369
-1
833
-1
943
256
-1
-1
286
-1
701
-1
-1
-1
-1
-1
81
773
-1
506
593
507
-1
743
918
362
-1
-1
303
354
-1
495
242
322
-1
-1
418
436
-1
846
360
586
77
922
585
-1
273
563
386
417
988
107
-1
498
80
427
384
-1
-1
505
-1
367
771
787
402
428
800
573
-1
955
235
2
248
170
166
-1
851
741
989
140
995
162
865
834
150
-1
241
274
15
554
260
533
405
87
-1
742
710
968
720
224
-1
955
607
783
869
926
-1
-1
321
400
387
942
708
426
679
361
999
-1
287
-1
316
531
-1
367
468
-1
365
960
53
118
-1
518
978
977
677
343
377
335
699
500
-1
407
565
675
332
625
349
391
553
930
289
735
992
856
698
79
-1
912
-1
288
-1
-1
996
279
-1
248
989
-1
682
-1
70
396
782
789
738
994
-1
-1
856
233
12
970
475
213
458
692
367
413
550
973
641
129
954
934
463
666
618
96
178
597
768
544
-1
574
718
341
289
623
-1
-1
912
748
631
509
-1
-1
434
295
164
37
785
658
-1
16
-1
453
787
877
-1
913
998
352
-1
909
-1
533
222
616
975
644
594
551
89
590
158
686
790
399
168
650
-1
813
944
537
224
897
-1
323
241
541
248
-1
870
-1
39
438
844
901
-1
789
252
-1
634
214
893
164
-1
935
432
786
17
93
283
322
162
-1
179
87
582
-1
766
47
700
989
659
565
402
717
861
157
496
871
-1
789
-1
-1
30
837
209
195
918
9
594
-1
926
442
538
115
-1
64
810
340
597
134
928
234
662
-1
185
111
329
361
-1
675
-1
-1
694
233
973
556
974
848
-1
-1
83
644
891
708
-1
483
-1
-1
849
130
-1
-1
994
-1
879
639
-1
59
-1
764
235
823
922
460
964
271
905
103
189
780
191
864
885
697
997
717
770
35
-1
425
713
687
165
268
585
114
606
-1
-1
897
15
-1
745
992
36
-1
945
857
273
85
836
891
636
770
337
869
487
180
811
530
782
559
543
351
151
-1
388
970
369
-1
231
598
-1
-1
177
490
-1
-1
305
233
538
469
790
-1
609
615
-1
639
810
199
431
712
342
-1
506
735
838
89
990
336
550
909
671
470
-1
715
-1
-1
316
350
861
-1
294
39
384
-1
-1
3
193
-1
4
-1
726
381
77
204
614
577
173
-1
700
606
764
-1
167
127
964
49
325
-1
-1
118
162
654
470
696
-1
750
882
293
368
126
16
161
679
410
30
466
921
858
119
632
-1
716
665
-1
283
347
744
100
94
264
658
-1
173
682
371
909
305
765
348
606
-1
785
44
57
136
-1
663
29
-1
285
8
719
-1
718
-1
368
666
533
70
-1
213
500
296
183
-1
67
-1
-1
427
-1
753
-1
768
821
257
959
995
212
-1
706
812
-1
600
47
662
858
720
416
-1
957
366
866
355
628
-1
145
195
85
949
-1
612
985
548
109
702
541
697
829
-1
616
146
-1
-1
591
-1
607
358
-1
132
145
98
-1
119
744
909
840
68
971
48
704
698
-1
967
-1
301
24
501
213
373
490
174
-1
478
918
-1
320
124
-1
744
796
-1
153
358
767
962
-1
955
687
483
969
550
-1
345
-1
817
391
295
162
111
487
848
481
703
141
626
352
927
559
520
-1
397
5
-1
937
147
272
-1
253
-1
278
796
405
438
260
973
-1
-1
122
-1
-1
869
598
122
833
168
256
-1
817
434
-1
582
912
612
39
480
-1
100
869
805
-1
-1
903
882
669
206
708
396
-1
-1
-1
974
-1
-1
-1
995
325
19
203
921
30
638
530
11
313
593
722
83
626
500
15
-1
-1
-1
5
476
668
210
-1
637
579
199
17
28
213
220
877
-1
331
148
976
781
869
-1
464
645
790
4
816
704
154
743
568
-1
588
412
286
825
-1
433
-1
24
541
674
421
-1
556
-1
33
39
-1
701
456
372
509
183
-1
875
830
971
956
660
-1
-1
250
754
560
374
-1
947
-1
387
68
-1
521
853
191
952
165
513
602
377
432
688
-1
841
225
965
325
-1
-1
672
-1
-1
30
615
102
633
246
248
-1
-1
-1
-1
-1
348
-1
-1
-1
604
36
297
158
573
274
535
217
69
-1
889
-1
537
23
850
299
214
472
604
455
321
-1
281
177
411
90
-1
613
160
-1
168
146
41
717
-1
-1
348
220
906
710
242
564
580
894
117
227
331
275
132
378
25
-1
432
94
-1
-1
944
205
868
165
-1
794
873
656
739
-1
82
671
187
934
51
139
420
-1
341
244
266
943
333
346
347
266
551
-1
886
-1
-1
-1
-1
748
345
901
475
40
-1
-1
158
288
228
753
56
694
160
378
176
-1
104
454
145
636
-1
436
972
832
704
199
383
-1
328
710
365
457
751
380
-1
425
-1
167
392
897
169
-1
296
122
-1
-1
703
319
-1
-1
658
-1
890
863
850
-1
426
-1
-1
651
15
-1
47
334
-1
890
-1
41
445
-1
-1
-1
564
104
-1
503
780
10
483
-1
-1
734
325
622
61
15
-1
128
279
854
440
608
3
357
311
515
287
-1
-1
-1
908
62
898
380
261
-1
284
740
764
-1
477
987
-1
400
188
950
-1
-1
509
212
793
254
606
61
264
-1
519
-1
579
825
871
-1
642
102
316
363
202
70
484
-1
200
690
634
469
41
494
65
829
311
-1
-1
-1
-1
183
-1
94
698
79
-1
371
619
-1
-1
-1
242
348
142
-1
773
196
-1
307
782
-1
63
700
-1
-1
810
243
223
191
453
421
-1
15
521
221
921
812
-1
233
509
394
-1
-1
720
-1
560
-1
-1
464
136
967
920
-1
718
-1
304
-1
59
243
51
271
-1
394
938
-1
589
787
356
158
896
190
551
998
49
562
138
-1
168
437
-1
-1
-1
326
-1
612
665
450
492
-1
-1
-1
-1
340
-1
261
26
889
961
12
-1
-1
272
-1
725
211
280
-1
618
-1
571
180
423
-1
904
-1
-1
-1
841
-1
-1
-1
786
64
100
435
878
654
4
343
727
-1
481
224
961
189
447
815
577
-1
-1
955
404
344
677
629
713
-1
510
891
295
-1
170
942
274
396
-1
313
599
224
-1
-1
603
-1
667
351
928
-1
470
-1
211
994
178
-1
-1
-1
923
955
864
177
43
224
446
931
-1
644
-1
-1
-1
-1
796
831
-1
74
281
847
524
-1
15
603
787
243
-1
434
313
-1
482
934
970
478
-1
251
454
4
562
-1
70
359
214
733
474
549
308
-1
636
233
-1
850
390
556
560
364
653
950
-1
-1
-1
470
44
400
490
-1
25
-1
645
-1
-1
225
70
227
-1
-1
797
311
700
736
288
889
695
952
964
328
110
322
-1
-1
-1
849
107
976
-1
-1
345
784
265
-1
710
674
63
-1
778
-1
486
436
157
581
11
254
26
-1
-1
185
84
-1
274
-1
483
731
-1
238
556
-1
806
297
-1
686
-1
-1
451
692
-1
628
196
886
-1
476
155
-1
121
33
302
-1
-1
209
896
118
-1
740
660
897
511
149
515
300
-1
795
163
940
806
100
320
849
577
307
714
-1
552
801
126
937
709
-1
503
467
427
911
-1
153
-1
724
829
-1
777
837
915
-1
428
371
-1
873
524
388
637
-1
-1
201
580
-1
188
27
673
746
181
907
895
760
517
986
-1
-1
-1
841
965
187
113
868
318
331
-1
-1
404
507
342
848
976
-1
-1
-1
183
1
120
283
-1
-1
-1
694
953
191
39
492
991
696
999
724
-1
663
182
766
484
630
871
348
279
-1
956
599
956
587
-1
898
-1
-1
159
320
561
-1
540
494
696
730
761
-1
302
-1
-1
458
-1
611
-1
-1
681
521
681
481
143
-1
517
319
552
487
110
450
382
-1
251
-1
602
611
-1
715
-1
759
761
503
718
577
1000
99
25
-1
921
-1
990
165
339
613
96
607
507
48
584
652
592
704
809
846
401
252
-1
690
550
213
346
959
-1
134
-1
-1
-1
65
-1
514
794
61
-1
41
591
979
586
61
819
-1
766
81
928
575
359
365
992
339
268
853
163
188
-1
-1
673
-1
908
459
807
391
-1
-1
-1
232
859
-1
-1
-1
440
-1
-1
-1
65
896
380
591
959
-1
452
-1
-1
1000
-1
327
924
-1
-1
220
-1
466
-1
789
361
68
-1
862
8
934
184
344
324
744
608
663
328
-1
158
725
-1
2
-1
99
-1
139
50
354
235
698
896
298
-1
880
500
-1
8
48
200
981
225
391
790
49
145
133
-1
-1
573
-1
413
-1
699
-1
660
377
303
155
92
781
495
593
452
418
915
818
-1
321
561
777
-1
508
292
161
754
-1
225
-1
913
302
-1
122
-1
556
-1
206
149
978
297
-1
-1
117
591
-1
857
186
759
14
775
173
-1
420
406
-1
754
642
-1
-1
-1
449
546
434
357
385
758
-1
795
470
-1
467
238
380
991
-1
938
455
438
560
422
-1
598
206
529
587
415
931
485
118
-1
533
120
938
175
-1
361
982
942
491
115
320
-1
-1
-1
387
526
223
320
-1
108
-1
948
178
425
-1
-1
487
716
388
-1
354
-1
-1
978
-1
542
-1
609
914
399
738
531
-1
656
300
451
584
-1
728
158
468
533
787
407
-1
193
56
-1
419
538
653
559
-1
105
-1
388
-1
113
-1
213
224
368
429
-1
-1
725
-1
-1
184
822
689
-1
-1
621
512
47
338
171
471
828
-1
-1
273
-1
489
-1
948
116
724
460
908
550
-1
858
885
904
481
205
518
322
133
127
-1
430
137
936
385
-1
816
773
-1
245
78
-1
-1
153
803
875
3
580
-1
288
-1
-1
375
772
937
981
874
386
-1
317
262
878
276
706
160
896
506
-1
110
527
-1
871
125
951
-1
837
-1
165
278
-1
424
736
251
422
620
900
904
-1
-1
-1
546
601
599
-1
664
640
297
123
27
858
448
374
106
595
-1
41
578
530
641
515
488
366
18
-1
647
543
722
32
607
774
835
220
23
568
72
781
-1
200
192
-1
920
784
782
565
-1
456
313
-1
-1
-1
218
447
422
401
482
392
315
494
680
-1
-1
-1
614
-1
-1
530
-1
927
732
372
-1
209
840
82
997
388
616
454
952
582
-1
-1
121
665
838
242
862
815
988
-1
536
426
-1
-1
135
278
483
-1
876
938
149
733
875
785
-1
-1
218
-1
-1
-1
314
404
-1
816
180
209
488
-1
-1
-1
-1
480
418
796
469
406
-1
479
465
131
426
367
-1
335
669
243
901
101
445
-1
-1
956
309
908
43
281
-1
978
869
658
293
-1
265
606
586
-1
-1
-1
908
557
35
332
11
398
510
834
-1
-1
944
354
831
781
471
11
577
22
-1
230
535
-1
-1
698
-1
337
99
-1
-1
-1
298
721
675
195
-1
-1
505
604
68
940
389
555
407
117
185
33
709
-1
-1
852
756
244
29
668
-1
206
837
-1
841
-1
500
577
684
841
784
791
-1
-1
383
497
985
848
209
-1
677
731
95
480
44
862
795
596
-1
-1
738
-1
237
96
831
-1
-1
322
429
997
485
576
545
204
729
846
-1
998
600
763
-1
171
501
185
893
358
981
280
819
841
661
131
895
73
252
-1
526
225
544
600
-1
42
375
-1
620
348
729
936
960
803
-1
179
-1
110
90
662
4
391
727
196
529
-1
796
807
201
990
-1
672
280
195
946
-1
895
289
539
-1
423
508
-1
821
273
783
-1
872
85
18
527
769
376
274
492
954
708
96
46
191
832
282
920
813
714
378
627
620
229
934
954
607
-1
82
479
-1
-1
986
-1
688
449
158
794
246
-1
587
709
257
333
215
-1
660
265
-1
186
913
-1
15
375
254
635
741
230
510
-1
-1
149
-1
129
153
912
559
687
353
290
73
-1
327
350
209
-1
576
-1
898
-1
-1
-1
430
213
-1
882
760
321
821
793
-1
814
800
165
163
-1
-1
-1
782
-1
252
955
332
-1
-1
643
484
-1
398
329
407
946
-1
204
-1
-1
819
306
-1
-1
-1
824
-1
-1
884
529
-1
-1
-1
64
304
535
864
533
-1
954
247
50
989
900
482
307
991
961
-1
249
796
452
555
532
870
803
-1
-1
584
919
511
-1
183
41
324
203
651
752
408
861
19
268
646
-1
-1
303
-1
104
808
242
193
10
984
676
967
19
772
342
840
-1
-1
100
666
-1
849
61
49
616
265
151
369
619
369
786
470
827
870
549
84
433
893
563
311
169
585
58
977
881
963
-1
-1
142
583
-1
748
749
162
309
258
-1
504
238
-1
224
-1
-1
447
41
652
887
-1
66
201
553
544
138
551
-1
639
-1
599
161
259
226
915
25
510
214
592
-1
542
159
535
215
-1
609
929
476
183
14
212
198
283
130
-1
962
265
-1
404
376
-1
65
921
-1
929
-1
901
-1
567
554
598
-1
-1
767
603
-1
498
-1
980
790
101
-1
283
-1
314
867
237
106
963
-1
358
-1
359
459
615
363
-1
717
117
943
911
421
707
996
105
898
443
687
25
595
796
-1
350
703
-1
892
558
674
533
-1
957
-1
-1
887
486
246
294
449
588
929
853
587
510
841
-1
740
454
214
338
-1
-1
888
623
524
89
-1
58
-1
-1
-1
72
565
-1
737
661
428
141
203
-1
83
817
-1
534
596
270
998
-1
-1
-1
781
358
273
135
940
-1
817
-1
919
30
183
662
-1
327
379
882
964
609
76
700
-1
616
149
899
-1
915
134
945
373
231
-1
90
49
-1
164
-1
114
382
775
45
49
-1
-1
114
338
118
828
985
444
130
580
306
720
901
570
409
196
733
705
-1
496
370
-1
170
-1
996
218
31
913
38
962
81
-1
869
-1
350
30
510
343
972
187
699
596
469
555
444
-1
930
816
-1
673
212
312
378
667
-1
933
-1
91
880
109
230
-1
-1
619
569
70
989
835
-1
651
796
-1
827
877
-1
575
-1
664
629
52
-1
-1
96
587
814
138
-1
661
808
811
428
746
52
877
710
633
-1
455
-1
522
285
-1
-1
859
-1
337
-1
202
690
634
444
755
157
477
187
583
699
480
789
492
717
167
105
976
424
258
-1
839
-1
-1
341
285
313
989
527
609
924
546
349
602
234
25
394
-1
460
643
35
520
929
162
-1
593
138
802
954
247
814
-1
-1
169
75
484
522
191
691
-1
425
479
115
104
-1
-1
304
752
96
306
-1
228
115
49
311
454
878
643
-1
258
549
680
143
117
-1
-1
654
512
-1
-1
-1
290
106
826
957
746
-1
-1
-1
609
810
404
656
606
-1
-1
141
184
339
834
-1
-1
190
-1
788
-1
951
664
129
9
551
377
983
-1
640
11
-1
-1
388
-1
715
-1
988
-1
389
292
636
36
31
-1
-1
895
933
827
224
873
379
908
-1
250
772
821
287
741
-1
-1
923
235
275
-1
511
859
556
578
584
535
-1
27
527
208
-1
988
783
210
339
375
218
197
654
570
837
9
199
411
476
-1
234
71
543
-1
745
-1
436
391
-1
2
114
-1
-1
374
666
-1
295
474
852
612
278
-1
709
484
819
-1
-1
684
584
721
776
376
487
797
607
133
329
209
997
772
180
316
849
343
469
-1
-1
511
-1
158
578
-1
965
377
152
319
-1
997
833
766
614
372
-1
-1
248
175
-1
515
408
714
247
15
-1
978
784
-1
396
844
-1
375
493
224
-1
535
244
549
613
539
535
674
-1
713
571
-1
610
880
-1
975
794
18
440
689
-1
363
511
662
17
421
408
-1
-1
136
431
395
674
547
693
879
389
509
240
515
86
-1
361
548
99
119
293
198
965
502
209
413
-1
239
-1
585
696
42
-1
187
-1
13
-1
574
157
277
707
-1
476
83
410
623
560
-1
966
216
-1
792
874
118
50
792
272
665
310
207
-1
810
-1
949
431
439
944
804
39
506
111
-1
39
959
823
869
846
267
-1
136
899
-1
579
78
-1
285
-1
18
732
248
216
-1
153
-1
589
281
391
379
944
86
-1
-1
388
666
107
-1
405
63
886
7
345
948
752
735
-1
770
849
443
592
-1
-1
808
-1
800
865
-1
88
768
329
-1
-1
332
458
-1
69
604
806
1
248
310
-1
234
914
695
-1
503
377
817
459
-1
-1
152
346
396
949
-1
735
510
-1
889
-1
-1
888
718
771
420
-1
-1
-1
762
746
-1
-1
997
965
118
-1
492
854
221
-1
841
-1
692
401
-1
-1
-1
905
-1
763
880
-1
311
-1
192
416
545
189
285
787
-1
657
928
847
-1
679
401
797
933
374
34
-1
124
938
918
568
179
59
430
372
846
623
690
282
414
244
518
235
210
54
916
595
234
-1
174
308
-1
480
706
44
-1
-1
532
-1
27
557
569
877
590
962
865
627
270
758
929
126
241
527
257
7
-1
-1
905
432
381
-1
268
406
400
821
741
295
-1
948
950
35
444
958
-1
-1
539
275
-1
93
626
808
473
470
519
39
463
373
125
-1
86
897
798
754
-1
186
913
747
-1
996
-1
715
-1
488
988
894
101
-1
493
873
25
-1
996
116
775
-1
812
-1
968
740
-1
-1
-1
-1
610
848
717
240
688
-1
243
87
168
889
239
142
54
-1
-1
70
-1
589
809
-1
353
529
231
-1
-1
653
827
727
-1
775
-1
201
67
322
-1
-1
-1
-1
881
686
983
487
-1
725
356
222
177
173
631
269
377
747
985
426
422
717
709
-1
-1
862
675
890
232
577
732
772
331
816
740
36
141
-1
80
237
651
953
-1
496
296
890
836
975
486
245
997
694
386
888
976
539
-1
787
462
-1
121
593
264
534
973
611
622
-1
322
242
948
568
251
477
78
923
146
-1
991
-1
737
-1
545
-1
705
747
-1
353
870
-1
806
771
-1
958
460
930
-1
-1
6
-1
75
524
-1
310
439
536
338
513
398
935
861
866
935
294
418
755
372
152
-1
-1
249
23
997
4
491
660
535
676
317
564
-1
-1
258
-1
101
704
289
13
-1
852
645
470
867
163
-1
399
595
749
772
432
-1
-1
532
-1
333
214
-1
-1
-1
757
724
290
795
906
-1
506
-1
967
374
-1
-1
165
995
988
927
776
-1
548
-1
137
-1
918
336
664
-1
-1
306
-1
693
696
548
575
384
605
917
805
-1
725
-1
779
874
-1
788
196
-1
746
-1
331
261
800
-1
-1
188
872
-1
145
105
8
583
-1
-1
-1
104
465
305
209
201
463
-1
483
680
89
826
760
32
-1
27
869
137
946
379
48
602
482
-1
528
323
955
264
-1
122
808
991
415
250
98
543
795
39
89
289
-1
558
530
243
6
170
72
947
220
48
899
628
82
559
793
157
5
-1
356
163
845
117
-1
136
997
683
305
690
221
259
478
156
641
954
525
821
358
-1
-1
508
959
991
80
150
666
-1
445
380
351
-1
937
654
472
-1
-1
527
-1
-1
290
203
-1
319
909
674
197
248
576
765
-1
419
412
-1
-1
-1
29
964
102
862
966
725
-1
-1
-1
991
319
594
-1
-1
-1
481
499
978
865
351
49
372
-1
-1
829
599
71
-1
263
-1
224
931
776
577
496
267
-1
-1
2
-1
-1
872
397
521
51
-1
-1
-1
329
994
367
248
917
-1
261
-1
-1
-1
-1
455
684
162
-1
-1
712
709
-1
517
776
-1
-1
131
542
274
-1
-1
948
453
839
610
43
141
64
681
303
-1
724
185
457
-1
417
81
756
580
-1
136
355
-1
36
592
-1
347
-1
112
-1
434
-1
-1
683
733
911
414
982
175
172
594
876
109
48
-1
739
714
494
311
499
721
447
240
384
-1
-1
796
23
-1
657
-1
-1
-1
-1
335
859
-1
996
427
336
696
253
-1
761
235
-1
143
-1
767
940
-1
-1
-1
-1
855
9
-1
275
66
-1
125
585
173
231
-1
706
691
-1
494
504
471
-1
-1
807
-1
201
714
218
-1
779
-1
915
336
872
-1
-1
192
-1
417
239
-1
852
621
172
665
914
595
242
-1
287
588
-1
101
789
-1
-1
630
322
816
896
105
357
-1
836
148
421
200
56
-1
10
-1
771
384
-1
231
649
993
-1
667
150
588
903
11
-1
765
664
202
380
-1
642
502
715
-1
902
-1
-1
27
-1
717
-1
372
707
847
746
223
745
875
328
811
-1
97
118
849
618
260
-1
-1
-1
-1
-1
620
224
505
560
-1
598
428
-1
914
605
-1
78
307
272
489
579
877
-1
937
392
877
451
135
369
736
423
159
-1
344
67
971
729
570
618
-1
237
981
-1
395
622
168
540
78
432
435
620
804
641
309
-1
289
842
327
348
783
807
984
110
245
897
826
466
416
-1
-1
59
-1
828
358
-1
-1
473
574
743
-1
592
811
-1
182
-1
217
82
287
741
307
-1
975
481
624
49
110
871
921
-1
716
464
-1
-1
507
114
609
781
831
529
-1
922
-1
702
335
-1
695
-1
703
866
-1
-1
-1
331
965
222
-1
872
128
367
-1
252
453
572
794
525
-1
-1
932
430
-1
871
670
520
-1
54
106
538
36
787
849
961
52
607
-1
176
-1
388
197
315
616
470
693
510
223
241
-1
-1
577
812
660
796
117
146
954
752
856
43
642
795
944
-1
900
495
-1
603
418
673
-1
135
240
219
909
673
-1
784
-1
575
986
38
320
81
510
584
-1
838
54
294
-1
341
746
403
325
209
629
777
232
116
997
-1
376
748
555
398
-1
220
957
386
36
834
-1
322
540
604
-1
482
977
98
846
496
165
-1
-1
-1
-1
352
254
859
449
-1
169
459
-1
833
646
196
531
567
684
-1
-1
358
725
-1
131
64
640
315
563
694
575
698
-1
-1
681
-1
77
583
-1
987
791
31
512
707
55
353
913
222
-1
-1
744
569
-1
124
295
221
88
797
60
-1
511
-1
540
357
303
288
160
-1
941
58
-1
346
-1
655
483
637
558
888
-1
425
343
353
-1
131
391
853
-1
-1
444
742
534
649
851
179
-1
985
465
685
768
562
787
-1
-1
661
954
202
-1
46
956
454
-1
1000
727
546
-1
631
38
287
863
289
-1
372
-1
133
-1
98
-1
476
684
805
640
38
245
233
-1
55
-1
-1
908
120
-1
620
727
-1
-1
417
-1
-1
629
63
7
-1
466
536
733
715
964
483
964
-1
555
364
660
247
708
808
405
413
72
974
25
512
-1
445
161
262
782
607
564
-1
676
-1
362
-1
-1
821
893
660
147
299
763
875
554
978
882
-1
60
117
125
648
876
789
854
-1
-1
311
658
-1
260
109
622
355
334
608
692
40
516
134
-1
398
34
-1
96
553
60
918
600
853
317
-1
-1
-1
-1
561
118
190
635
-1
709
863
43
982
116
618
135
-1
-1
49
446
563
123
-1
-1
670
965
856
553
-1
254
347
868
-1
875
-1
-1
461
829
-1
-1
-1
441
615
104
497
688
325
-1
539
956
287
-1
460
377
178
276
832
813
293
851
353
-1
463
689
908
310
109
-1
849
246
17
-1
173
584
337
480
897
818
302
83
-1
285
946
21
202
458
393
483
237
-1
370
809
836
35
561
53
948
128
303
652
303
636
316
431
303
87
313
-1
300
474
-1
38
22
883
847
-1
-1
81
281
375
740
336
655
113
383
83
92
217
731
943
-1
794
-1
111
165
741
845
394
861
823
-1
608
147
-1
791
275
330
362
333
132
97
272
-1
-1
978
-1
807
578
-1
-1
274
-1
714
769
753
560
325
139
49
-1
936
811
537
254
773
759
306
-1
191
-1
-1
-1
-1
-1
348
226
874
672
428
-1
-1
-1
660
-1
211
618
347
576
-1
745
705
123
330
875
543
-1
645
330
833
958
-1
668
193
284
695
694
317
885
892
129
937
-1
447
402
799
-1
744
96
475
373
958
939
872
-1
409
-1
292
836
175
22
530
534
425
-1
-1
910
2
148
48
613
977
-1
-1
374
10
-1
283
637
668
-1
807
106
311
-1
-1
631
705
-1
-1
-1
394
491
98
381
-1
-1
758
-1
728
653
624
135
52
626
725
33
852
118
523
789
420
-1
-1
225
305
-1
551
60
-1
571
618
862
-1
-1
722
934
801
776
246
101
786
100
89
313
446
980
838
424
-1
521
333
-1
222
-1
-1
128
19
-1
-1
345
708
-1
-1
857
156
538
-1
-1
420
-1
417
-1
232
884
586
24
120
757
236
297
118
511
736
473
592
692
-1
433
219
-1
856
-1
872
-1
252
930
328
111
443
996
528
-1
827
808
72
938
8
-1
630
516
707
684
53
-1
615
-1
-1
875
623
789
931
828
921
126
777
213
986
80
858
-1
528
-1
949
-1
-1
-1
13
-1
-1
-1
367
933
-1
141
716
536
371
-1
-1
140
-1
523
327
804
906
-1
975
546
-1
416
746
682
472
157
-1
526
874
709
-1
510
31
-1
662
314
736
404
902
683
75
436
-1
-1
925
384
785
503
621
851
128
572
454
99
106
-1
468
-1
141
78
720
118
233
-1
-1
-1
-1
682
128
596
814
5
780
-1
223
-1
913
-1
-1
357
479
-1
-1
29
724
383
185
881
277
757
696
183
555
641
428
572
161
418
566
294
186
477
-1
291
585
210
158
276
189
798
-1
480
490
799
404
411
554
250
-1
368
464
375
246
577
-1
131
-1
206
642
747
461
883
489
413
926
-1
-1
379
598
526
-1
941
-1
48
889
244
433
-1
79
624
207
-1
974
623
-1
392
613
-1
-1
910
-1
843
262
708
326
-1
698
169
720
139
465
773
267
392
-1
813
683
-1
255
348
163
15
740
146
57
-1
15
976
727
-1
540
16
700
967
42
-1
290
111
164
-1
-1
429
125
768
934
313
964
898
758
-1
793
266
831
410
911
-1
233
1000
696
1000
430
250
165
816
446
914
38
866
368
-1
861
-1
309
-1
-1
660
673
397
808
-1
-1
378
421
-1
656
386
326
438
724
864
109
-1
-1
-1
-1
893
473
456
758
932
441
552
-1
220
939
154
406
394
999
434
476
258
926
641
-1
415
938
199
89
54
806
-1
270
-1
235
-1
329
-1
362
-1
688
820
315
480
-1
321
-1
311
-1
-1
898
115
270
209
-1
878
738
57
700
156
527
-1
725
929
122
767
213
248
482
-1
443
690
872
6
-1
-1
529
348
800
412
337
893
924
221
941
358
123
975
448
-1
-1
-1
-1
982
527
-1
898
280
582
-1
927
450
234
441
-1
358
834
458
345
544
637
-1
-1
437
-1
-1
564
178
634
928
-1
616
983
936
714
-1
67
931
144
211
-1
409
21
724
-1
-1
-1
213
605
47
212
505
-1
962
337
559
492
180
286
924
-1
266
-1
-1
-1
-1
591
678
956
261
42
-1
328
223
650
-1
699
-1
280
-1
847
67
850
452
7
60
606
406
739
29
566
156
593
866
182
207
944
875
513
942
438
903
41
657
608
997
586
412
105
814
774
994
12
-1
598
535
881
515
412
583
-1
670
775
318
816
118
34
-1
921
-1
594
882
809
387
-1
343
-1
136
336
404
-1
479
515
364
988
320
-1
456
666
132
625
-1
-1
141
994
566
206
313
59
363
556
747
797
-1
397
-1
521
832
971
365
739
-1
39
564
-1
714
948
608
163
-1
-1
816
245
629
674
164
537
136
110
-1
285
828
232
196
-1
783
950
204
320
-1
-1
762
217
-1
-1
617
-1
596
192
234
159
273
71
-1
636
736
928
994
718
955
949
986
387
152
801
519
578
900
365
-1
300
970
282
-1
-1
854
140
3
-1
810
67
107
559
112
-1
947
207
672
-1
528
93
795
47
-1
159
-1
737
221
-1
631
598
344
693
309
518
520
861
-1
-1
251
228
292
717
193
105
199
-1
193
151
-1
935
354
910
-1
200
535
-1
-1
341
154
-1
-1
688
-1
491
-1
-1
392
403
-1
430
608
59
478
-1
38
-1
649
559
-1
846
-1
460
-1
-1
180
46
-1
666
415
504
713
252
156
423
377
230
-1
896
199
48
136
-1
847
87
555
783
842
905
522
-1
135
447
-1
405
944
59
961
869
143
866
793
200
129
-1
174
427
313
-1
805
-1
-1
569
852
259
233
675
229
-1
530
273
996
-1
610
207
547
593
-1
348
201
547
445
641
897
-1
906
874
694
-1
431
75
508
612
-1
360
358
-1
426
498
965
781
135
-1
-1
732
58
283
-1
129
327
743
-1
404
860
583
2
786
340
445
261
955
192
909
927
-1
-1
806
612
-1
406
75
348
-1
-1
607
-1
83
-1
101
615
766
960
589
41
-1
-1
645
510
460
84
-1
-1
810
491
854
-1
-1
402
938
-1
397
207
703
170
-1
-1
-1
132
-1
224
-1
443
-1
374
-1
-1
163
828
599
137
792
-1
840
765
485
49
833
317
-1
-1
620
864
787
130
-1
-1
-1
973
800
753
-1
-1
56
786
317
997
-1
-1
-1
393
678
820
861
70
-1
337
534
536
285
-1
602
798
-1
-1
157
308
778
335
256
-1
837
904
251
-1
213
-1
23
797
919
481
977
309
-1
691
797
635
585
199
-1
853
412
307
-1
613
218
792
751
-1
61
553
7
-1
280
132
-1
245
-1
274
350
8
627
211
277
782
705
435
-1
206
665
2
-1
317
-1
15
884
362
21
970
547
544
703
744
-1
-1
-1
971
-1
967
-1
701
452
359
494
-1
377
60
546
491
442
351
-1
772
277
70
644
299
327
475
874
797
783
654
143
100
666
509
464
776
-1
956
167
923
254
143
218
-1
513
953
717
981
841
395
-1
-1
-1
-1
101
820
856
82
183
-1
187
-1
783
-1
-1
-1
-1
-1
-1
679
447
215
859
-1
-1
-1
251
-1
539
153
753
-1
559
770
209
303
571
939
-1
-1
715
953
57
757
693
-1
547
666
355
485
642
282
679
320
470
457
930
962
152
671
-1
915
340
212
3
147
534
856
-1
536
237
603
143
279
879
997
150
-1
-1
294
571
760
908
-1
-1
365
303
943
-1
-1
332
87
559
870
939
629
930
-1
-1
824
757
-1
409
885
257
680
545
579
-1
-1
975
1000
979
734
-1
-1
31
112
191
413
39
55
348
496
-1
279
-1
-1
-1
991
263
836
890
-1
605
875
516
-1
68
-1
934
114
267
272
523
704
-1
829
-1
875
-1
224
74
756
627
936
383
231
738
417
-1
208
887
453
189
673
820
-1
-1
986
351
-1
100
187
-1
-1
-1
-1
564
-1
417
345
885
347
530
953
14
226
999
226
624
859
572
629
139
298
827
479
-1
317
-1
202
240
207
-1
3
688
272
885
936
-1
314
208
94
711
313
-1
671
262
634
551
56
74
-1
926
159
-1
101
389
-1
305
701
401
483
253
-1
-1
126
740
148
61
879
240
676
545
651
677
-1
963
-1
975
785
-1
-1
586
915
-1
890
-1
791
298
784
91
-1
311
130
742
871
291
929
942
516
-1
970
241
449
18
-1
930
547
166
137
830
753
90
-1
-1
233
285
520
275
888
-1
873
296
-1
988
168
-1
-1
527
511
86
-1
-1
886
942
-1
-1
744
821
857
969
610
992
-1
897
886
821
948
-1
997
-1
-1
584
71
-1
457
97
-1
526
476
909
-1
497
470
-1
451
37
-1
604
758
-1
420
840
992
720
95
-1
81
715
231
321
1000
878
154
926
849
706
781
829
854
198
507
77
101
214
564
-1
991
722
521
-1
300
616
604
667
-1
-1
862
123
322
-1
-1
609
742
843
-1
-1
123
-1
-1
377
358
781
-1
-1
458
-1
189
-1
71
868
310
282
244
-1
485
383
-1
123
650
634
18
844
-1
-1
-1
713
-1
896
199
479
654
538
720
107
655
52
969
-1
3
262
858
167
507
994
777
66
-1
504
680
654
-1
-1
73
675
223
289
925
963
-1
-1
658
617
-1
-1
310
-1
-1
709
-1
290
211
151
-1
733
943
762
273
460
-1
112
596
420
141
825
176
-1
441
252
705
327
-1
909
665
541
-1
602
-1
-1
188
782
166
421
615
696
495
481
-1
544
483
94
654
229
-1
-1
-1
193
704
329
324
-1
571
10
842
252
383
565
-1
-1
503
573
169
945
233
690
-1
325
-1
101
-1
788
519
408
-1
-1
809
865
736
818
304
-1
823
11
-1
737
688
579
-1
445
247
140
754
-1
-1
894
849
866
366
350
-1
593
-1
-1
-1
473
728
-1
360
-1
-1
298
-1
-1
-1
287
689
434
988
112
150
990
400
368
410
552
54
966
259
797
607
490
-1
-1
174
765
860
-1
-1
74
924
-1
420
663
167
-1
316
831
-1
47
84
-1
105
640
432
33
860
405
-1
-1
395
9
183
518
601
148
908
547
745
195
912
477
21
-1
282
407
183
662
159
910
913
-1
12
583
259
-1
768
502
295
943
659
227
-1
-1
575
309
273
459
626
823
-1
650
-1
828
407
486
404
187
249
624
537
975
321
456
-1
652
-1
939
834
-1
-1
979
784
-1
-1
291
676
44
4
247
-1
-1
334
-1
688
92
374
-1
-1
-1
-1
906
699
699
936
117
872
-1
253
-1
-1
300
769
749
-1
597
230
369
516
783
963
48
548
-1
-1
525
-1
409
-1
159
166
326
433
321
-1
-1
419
406
604
-1
582
374
973
245
155
140
-1
260
122
-1
799
-1
102
1000
203
749
-1
536
366
-1
690
-1
590
841
340
341
134
16
580
-1
30
-1
-1
54
138
-1
-1
-1
767
986
153
-1
347
108
-1
200
-1
273
95
200
139
418
-1
491
926
547
785
746
936
584
-1
-1
511
683
442
709
646
110
980
84
793
-1
971
435
52
173
490
677
461
995
-1
-1
640
648
849
-1
767
974
-1
671
341
-1
-1
298
970
107
428
409
-1
732
913
19
460
-1
343
938
877
-1
-1
-1
100
-1
-1
-1
107
1000
35
206
814
-1
677
47
709
-1
447
959
301
258
-1
-1
532
-1
-1
670
630
345
975
970
370
-1
-1
-1
565
723
805
-1
381
742
327
758
915
998
537
-1
375
811
-1
10
-1
44
70
-1
163
30
504
419
965
14
587
282
529
-1
784
484
220
194
150
408
695
262
903
670
631
-1
363
957
437
485
673
308
241
154
760
267
237
167
718
412
66
947
637
828
358
884
-1
713
284
-1
366
-1
402
385
-1
933
319
81
-1
-1
-1
19
-1
723
831
-1
611
16
505
-1
158
515
-1
424
53
272
-1
-1
-1
-1
546
924
393
-1
868
644
-1
835
-1
128
40
492
526
126
-1
109
881
634
794
-1
884
260
-1
907
393
-1
-1
157
239
188
869
782
-1
539
-1
-1
-1
-1
58
694
903
769
179
677
470
587
172
-1
106
-1
498
282
916
-1
402
779
629
7
807
325
698
-1
934
-1
951
-1
443
919
449
-1
804
810
818
274
66
289
818
745
-1
339
-1
137
810
720
832
607
963
-1
248
971
8
914
297
498
712
717
698
-1
540
708
-1
988
117
906
199
-1
774
-1
-1
-1
-1
104
654
-1
-1
-1
3
685
163
-1
-1
46
707
162
755
-1
486
329
172
860
670
29
619
-1
840
-1
141
856
-1
100
418
-1
39
532
1
677
926
-1
65
213
-1
403
865
440
877
817
669
-1
60
318
279
845
639
377
336
-1
92
438
-1
853
171
886
311
416
666
-1
728
-1
685
946
113
-1
697
127
-1
930
305
-1
-1
-1
712
-1
669
517
71
224
763
277
-1
-1
263
-1
-1
-1
435
-1
493
-1
2
141
674
798
386
425
599
695
-1
879
282
762
155
-1
144
87
252
111
-1
212
959
-1
871
55
-1
-1
271
-1
-1
213
694
-1
559
263
203
-1
386
-1
-1
975
875
276
769
4
200
869
-1
590
322
-1
-1
-1
832
179
-1
172
110
60
861
966
858
118
-1
29
136
782
794
277
214
-1
-1
776
261
-1
-1
952
-1
438
352
-1
358
66
648
-1
697
-1
489
384
895
539
-1
-1
278
32
886
175
997
702
363
16
784
79
258
6
-1
633
566
631
-1
589
-1
131
86
-1
334
214
878
896
-1
997
-1
-1
29
157
594
351
186
501
80
-1
712
326
883
536
-1
-1
64
709
215
698
358
382
346
576
-1
808
634
123
2
581
254
577
-1
935
532
863
194
-1
822
-1
748
984
-1
631
543
-1
169
-1
622
-1
-1
403
-1
579
-1
267
454
615
248
-1
994
80
861
256
1000
-1
584
811
946
936
481
781
-1
720
275
36
-1
800
700
962
676
349
981
423
539
-1
624
518
322
547
890
790
162
-1
210
84
785
33
242
879
408
-1
310
680
273
327
226
364
170
665
276
73
-1
-1
790
-1
593
461
-1
731
346
916
-1
-1
419
168
122
-1
220
517
467
-1
81
616
543
301
386
-1
-1
139
-1
581
608
-1
-1
754
-1
955
830
105
311
-1
172
281
839
81
-1
149
-1
-1
-1
365
-1
-1
-1
690
160
968
119
686
-1
604
891
445
788
479
-1
686
-1
905
525
343
385
-1
84
278
526
914
166
-1
-1
-1
507
-1
833
449
746
551
947
733
829
468
514
896
622
-1
576
290
953
-1
246
-1
278
-1
-1
974
109
463
-1
293
150
-1
453
-1
966
329
207
228
197
882
796
588
239
405
794
-1
108
988
364
273
59
867
592
-1
330
50
637
377
-1
929
-1
78
582
520
595
932
875
847
36
1
257
-1
372
401
-1
125
-1
932
887
690
-1
32
66
760
979
53
-1
382
707
933
706
707
606
337
-1
727
-1
222
412
352
233
-1
2
593
-1
-1
-1
363
688
448
292
355
291
460
490
-1
761
745
346
707
474
-1
-1
433
438
-1
478
46
753
-1
-1
542
218
195
791
929
247
234
20
-1
68
173
275
782
-1
515
-1
-1
-1
130
877
157
-1
622
-1
512
570
-1
680
816
243
25
-1
756
10
864
-1
859
-1
794
742
53
194
492
-1
15
101
486
791
599
38
-1
515
547
978
851
539
-1
469
92
237
-1
290
-1
628
779
-1
-1
-1
215
278
260
139
647
217
971
139
713
955
907
90
448
-1
912
-1
972
575
990
763
763
687
561
802
-1
537
905
42
-1
-1
-1
-1
860
587
-1
69
648
776
363
-1
61
426
167
352
88
76
-1
263
6
-1
540
365
-1
840
566
823
305
278
509
213
-1
935
738
-1
651
66
247
719
372
915
470
-1
-1
-1
729
418
936
248
7
961
508
-1
514
107
809
247
539
41
130
643
97
374
-1
796
9
-1
541
-1
-1
477
215
-1
125
-1
840
318
929
961
757
-1
137
142
558
-1
397
267
805
-1
-1
-1
35
362
720
-1
906
-1
-1
851
514
-1
66
911
277
490
900
504
-1
-1
170
552
-1
825
-1
419
462
552
775
872
-1
-1
636
100
446
861
917
604
660
996
144
148
502
26
194
158
726
-1
123
-1
-1
-1
961
566
-1
-1
773
465
-1
-1
899
115
76
-1
659
609
-1
636
917
983
-1
928
503
-1
254
623
774
-1
159
1
-1
-1
421
617
159
714
-1
334
685
326
407
-1
973
-1
107
-1
933
501
119
935
821
-1
-1
-1
137
85
-1
662
-1
684
514
108
575
109
348
867
87
310
659
841
85
-1
695
585
906
660
-1
543
875
-1
264
515
-1
497
-1
-1
394
-1
818
253
-1
-1
176
560
556
869
304
-1
273
509
-1
-1
923
-1
370
222
731
90
-1
856
329
712
-1
97
-1
991
-1
242
774
9
980
975
322
125
466
-1
650
701
594
-1
241
999
-1
187
65
767
915
-1
-1
-1
990
704
-1
-1
238
746
657
355
843
-1
-1
813
18
288
634
-1
253
570
890
594
56
891
302
111
500
827
256
411
-1
-1
688
323
992
428
767
367
662
718
907
870
115
739
-1
-1
416
975
719
-1
65
-1
661
455
272
7
208
727
786
519
440
559
906
300
195
551
-1
968
467
899
124
563
418
488
-1
-1
570
525
221
-1
532
-1
-1
398
735
205
527
-1
549
-1
54
-1
-1
540
714
874
317
828
-1
-1
621
-1
491
682
441
213
815
-1
231
488
841
965
797
417
-1
-1
466
291
958
155
493
467
164
-1
605
810
122
392
112
537
9
116
383
350
848
145
-1
99
-1
11
875
387
233
-1
370
159
691
457
-1
515
-1
628
390
931
-1
932
-1
561
353
682
-1
477
-1
203
528
-1
944
435
447
-1
-1
770
29
506
839
379
723
695
91
784
235
481
537
964
1000
276
403
-1
103
813
-1
373
408
954
753
-1
369
895
-1
676
572
-1
244
654
-1
6
971
109
765
612
879
-1
-1
928
-1
837
953
193
836
215
235
346
865
253
-1
-1
586
933
489
-1
309
725
258
328
218
-1
284
774
596
431
273
811
772
884
-1
-1
-1
740
778
558
332
781
791
817
807
-1
334
834
-1
-1
758
-1
574
249
753
-1
62
496
-1
413
923
963
466
366
-1
245
-1
803
894
-1
623
640
708
-1
811
760
286
957
906
610
-1
-1
114
-1
104
372
204
-1
793
509
167
409
676
-1
785
578
242
97
76
-1
539
842
674
-1
-1
844
809
858
212
-1
-1
497
477
101
491
634
747
289
-1
-1
-1
612
776
914
594
400
155
578
894
5
583
506
40
367
154
860
276
852
622
804
153
-1
300
301
703
-1
674
320
914
697
780
478
340
628
376
57
675
-1
694
126
953
411
315
492
827
822
957
621
844
934
330
-1
404
442
943
568
-1
548
481
-1
293
825
50
755
520
737
581
257
-1
929
690
298
215
981
617
-1
366
658
-1
427
845
377
-1
321
675
837
355
679
121
-1
168
620
662
-1
21
-1
200
232
-1
-1
53
-1
824
609
60
284
-1
-1
371
298
998
744
718
513
580
273
44
224
781
756
506
345
26
136
341
559
38
-1
927
854
535
-1
435
245
-1
498
-1
585
-1
759
30
528
65
168
922
-1
724
99
-1
413
271
977
278
100
-1
630
364
552
-1
10
698
191
732
-1
716
-1
70
986
-1
964
81
557
229
-1
54
617
-1
812
-1
204
345
525
179
186
636
717
549
592
866
32
617
62
684
-1
-1
856
596
-1
493
-1
-1
447
804
672
991
565
389
-1
546
245
135
-1
-1
-1
914
789
-1
976
834
147
26
-1
-1
-1
313
-1
602
513
927
-1
329
400
863
-1
652
-1
2
-1
308
395
575
165
1000
211
-1
156
722
104
934
294
95
728
640
586
236
286
443
566
60
414
265
962
782
798
-1
540
-1
-1
-1
540
355
131
-1
-1
-1
726
648
176
642
735
-1
422
-1
754
679
887
-1
266
2
62
963
-1
347
992
755
743
122
211
730
279
-1
-1
-1
156
-1
-1
-1
-1
-1
-1
249
-1
-1
796
720
994
630
604
168
217
-1
21
153
50
929
50
883
-1
9
717
583
804
957
901
433
279
66
154
-1
-1
-1
242
134
345
485
934
-1
386
297
369
535
499
952
507
649
-1
80
20
