1000
997
993
972
1000
989
972
973
974
993
961
981
992
991
996
995
993
996
959
988
992
997
971
993
999
901
998
988
984
996
973
997
1000
999
988
1000
996
993
966
995
996
983
1000
992
983
995
990
995
996
998
953
982
1000
993
984
986
991
999
983
975
937
999
987
992
1000
998
977
992
971
968
962
986
992
984
985
979
993
983
999
974
1000
998
979
985
991
996
996
995
994
985
999
993
999
999
988
993
989
996
1000
981
988
994
995
988
999
998
997
980
963
996
964
996
991
998
985
996
915
996
995
997
974
984
997
997
989
966
994
999
970
985
997
988
991
989
985
999
992
991
1000
993
992
987
965
966
996
983
998
983
960
996
995
990
980
991
989
937
999
993
997
958
997
998
1000
963
966
970
990
970
997
955
989
997
990
969
991
974
960
997
994
993
998
980
969
946
950
990
996
983
975
981
959
1000
932
985
976
1000
997
991
999
989
1000
995
982
973
990
984
1000
972
990
981
991
974
999
994
997
998
974
991
983
983
975
993
996
939
962
992
990
957
989
994
995
997
991
967
997
994
980
1000
997
1000
984
998
996
993
996
961
973
1000
989
997
974
995
989
996
999
1000
999
999
962
951
978
999
990
989
966
985
998
996
983
998
999
986
989
989
985
995
965
979
991
983
991
993
1000
990
968
998
993
988
954
963
997
991
997
983
999
999
983
972
997
996
955
996
975
994
995
988
998
988
989
981
997
988
994
991
994
997
1000
980
986
989
996
974
991
997
941
988
990
977
999
996
988
995
999
989
985
994
991
993
998
944
989
964
996
999
997
997
962
975
952
997
985
997
987
983
998
996
999
1000
992
992
984
986
999
975
999
999
996
971
997
995
996
992
993
993
982
924
990
996
979
993
988
914
991
998
993
941
989
991
992
971
901
987
1000
993
994
996
979
980
986
980
996
982
987
964
995
991
987
984
989
977
988
979
986
996
973
959
976
1000
989
967
1000
993
996
987
989
960
1000
1000
981
982
965
969
994
989
997
999
965
996
991
994
992
974
998
995
997
998
995
995
959
982
987
975
984
986
992
990
982
991
1000
991
966
997
990
983
997
983
959
967
995
987
998
997
962
965
994
999
966
975
997
938
992
993
973
998
986
981
996
999
996
969
973
1000
992
988
992
996
989
974
998
995
1000
969
987
908
989
995
958
991
1000
895
980
947
968
999
996
993
989
993
983
982
998
991
973
993
987
989
989
965
999
998
996
997
994
977
987
962
998
994
960
1000
993
1000
991
979
994
987
996
979
993
979
979
994
981
994
1000
995
977
969
976
941
978
1000
971
991
997
957
978
995
987
984
984
995
989
997
997
997
958
997
992
996
975
988
963
994
993
998
1000
999
958
999
994
999
995
990
987
997
986
999
988
970
959
998
974
995
995
1000
987
991
985
993
990
988
990
994
982
978
986
940
992
989
988
993
996
999
986
998
981
985
990
928
992
970
994
941
1000
975
969
988
993
975
1000
1000
954
982
999
950
979
951
996
988
995
935
963
978
990
999
998
997
994
998
983
988
988
968
990
993
982
999
1000
990
975
979
997
997
968
1000
985
993
997
964
995
995
999
992
970
993
981
997
1000
998
995
979
997
1000
999
992
998
993
997
990
982
990
998
980
966
990
989
996
986
965
982
988
1000
996
978
972
987
1000
977
994
996
994
998
996
996
990
993
997
984
980
989
983
999
998
998
997
982
993
999
997
981
983
961
997
970
986
999
1000
968
963
953
997
993
975
995
978
994
994
998
970
985
982
995
987
992
995
991
996
980
936
979
956
992
1000
966
954
999
973
995
997
989
962
968
986
994
985
987
996
993
997
942
996
996
968
999
992
990
984
990
997
970
980
966
996
996
979
988
970
997
961
992
998
981
999
995
989
999
989
999
974
994
995
998
972
964
985
994
984
996
1000
987
982
987
976
977
991
984
994
988
999
990
999
974
996
996
986
995
948
982
972
970
993
980
999
988
986
990
978
987
990
1000
981
997
977
1000
975
999
992
999
989
987
994
987
989
961
963
998
964
992
976
995
968
999
1000
983
998
947
998
988
992
993
991
992
991
995
992
981
977
991
990
995
978
1000
989
999
999
968
986
996
994
984
997
959
994
988
997
979
987
991
999
983
1000
986
993
998
999
998
981
974
982
992
997
967
995
992
994
969
999
995
995
995
989
994
963
999
990
998
1000
999
999
977
1000
978
993
978
992
1000
992
968
991
1000
987
979
999
985
986
999
989
984
995
1000
998
934
990
992
998
981
994
1000
1000
999
974
987
998
993
989
979
989
988
996
991
990
982
1000
1000
999
998
993
983
995
986
962
972
996
980
993
1000
962
984
986
976
993
985
998
984
987
999
1000
980
973
998
997
968
984
995
977
1000
919
921
960
1000
994
980
989
983
998
1000
997
974
993
996
999
992
995
972
960
992
998
989
954
984
982
998
991
990
990
998
999
991
986
998
987
990
997
983
996
996
968
1000
997
995
983
997
978
952
995
987
985
967
990
999
994
997
992
997
971
995
994
981
989
996
985
1000
986
989
989
976
982
988
997
980
993
972
999
982
993
985
997
991
988
999
997
998
989
991
987
982
978
996
996
994
970
988
981
988
973
970
992
993
989
967
986
999
993
997
991
976
991
966
999
996
997
912
976
976
992
995
999
986
978
1000
992
986
1000
981
949
971
988
999
977
991
972
993
999
999
996
999
994
991
997
1000
995
995
965
1000
996
986
967
997
982
985
995
995
993
994
994
977
978
978
974
977
971
1000
974
996
999
996
997
992
997
994
986
1000
987
987
973
997
993
990
990
969
984
993
977
987
995
992
992
998
956
983
1000
989
975
969
959
988
995
993
981
984
988
995
993
994
965
996
980
1000
971
985
997
999
996
997
995
996
967
977
1000
990
958
980
991
958
970
991
971
1000
960
992
974
990
986
995
1000
991
997
996
992
971
1000
999
984
964
996
992
989
995
991
985
990
963
999
999
952
990
993
1000
985
998
985
997
1000
991
986
989
974
968
996
1000
993
999
989
999
982
983
975
996
993
984
995
992
975
985
979
988
994
993
990
997
988
994
1000
994
999
941
946
929
960
999
984
998
968
997
994
996
932
990
981
1000
989
999
998
988
980
993
987
962
969
972
978
934
989
981
962
976
994
1000
994
987
984
980
998
972
979
997
1000
952
967
989
953
1000
993
972
996
963
991
997
990
972
965
999
957
961
989
989
987
968
993
981
987
973
975
970
996
986
992
992
989
978
984
989
990
993
988
1000
970
983
989
1000
983
1000
998
970
997
1000
997
962
991
996
994
993
968
949
982
990
998
909
997
990
997
998
999
995
990
996
999
988
1000
991
988
985
992
980
986
937
998
965
951
996
980
992
981
988
947
999
997
998
997
990
999
998
996
1000
984
988
999
995
996
972
990
1000
999
973
973
984
1000
991
990
993
995
958
980
998
993
989
1000
992
989
989
997
995
999
986
994
988
1000
997
999
1000
1000
998
989
991
1000
999
982
995
982
984
998
997
954
988
933
994
999
990
994
986
1000
999
929
914
979
999
989
999
973
992
991
977
988
977
996
994
984
984
997
997
978
977
997
999
997
988
990
979
981
999
998
992
984
997
1000
991
974
998
993
998
993
943
997
991
951
990
999
992
968
993
992
983
969
988
991
993
975
996
997
994
989
993
995
999
996
993
998
994
994
977
984
999
980
999
967
992
986
987
977
995
954
982
972
964
973
999
985
997
972
1000
973
950
991
995
994
993
998
990
996
998
979
990
996
979
994
996
912
988
996
1000
998
981
995
1000
968
988
999
991
979
1000
982
992
977
990
998
995
990
991
991
996
995
1000
1000
1000
954
1000
994
977
1000
998
994
975
990
997
947
985
994
1000
991
970
999
994
986
999
992
999
989
944
993
990
965
993
975
997
984
998
970
965
971
992
979
998
983
998
998
1000
984
996
999
994
1000
986
977
998
976
1000
972
999
979
997
990
992
990
973
991
975
991
994
957
998
1000
985
980
966
950
996
985
992
999
993
982
994
989
996
990
975
970
973
998
986
984
966
974
983
939
970
999
995
999
1000
985
969
994
999
985
1000
979
954
980
995
999
974
984
995
974
973
990
998
998
993
997
971
979
994
960
993
980
975
999
979
978
998
999
988
998
992
995
987
992
982
999
985
999
992
1000
999
987
994
977
989
993
981
998
993
999
1000
968
994
996
988
980
988
996
966
994
982
999
978
989
1000
996
947
988
989
989
996
984
1000
984
991
988
990
993
980
999
999
985
969
987
993
998
984
1000
988
987
997
972
977
989
999
989
971
975
996
991
981
995
977
989
982
965
997
999
998
999
918
971
1000
996
990
987
975
949
982
998
986
996
1000
997
995
1000
979
985
998
973
989
948
995
983
993
1000
984
982
997
908
987
999
999
971
999
973
996
997
996
980
976
999
965
980
991
999
991
996
1000
994
959
995
993
979
980
997
971
976
986
972
991
983
977
987
999
994
989
991
1000
998
992
970
996
994
987
976
978
999
990
947
994
995
989
998
983
1000
983
994
991
886
989
996
934
998
997
992
997
986
969
965
1000
992
1000
998
985
993
941
992
997
928
1000
972
975
982
986
998
997
974
977
996
988
997
984
994
985
986
966
963
999
997
997
960
998
920
